2.150202190871232932e-01
-2.367702460493802674e-01
-3.097168656916647334e-01
9.270741741456561824e-02
1.999801647871914390e-01
-2.026872525581999984e-01
-2.449143530069595731e-01
7.687077033847043717e-02
-2.400803962327000551e-01
-5.278274216216219950e-01
-3.394966090939991344e-03
6.863696885929958247e-02
1.010788282751851480e-01
-2.103072810796921543e-01
2.450906615631304464e-01
-6.707630767225590540e-02
-1.553675117858284438e-01
2.169440754128121596e-01
1.481957223717121075e-01
9.860872949543673938e-02
-6.799867691795220825e-02
1.020292643243136815e-01
-1.970966883056934071e-01
5.949820391048073892e-02
1.059842197067802430e-02
-5.534390560862621766e-02
1.954018856725238673e-01
7.652569921577136169e-02
2.920509539646751196e-01
-1.216618036371794886e-01
7.942154171973922483e-02
-6.958287378910392451e-02
-7.139523675313566575e-02
1.668944432794662314e-01
-1.423711494746170148e-01
-1.452341309453312190e-01
-1.063410242012914064e-01
-2.688104111580489897e-01
1.611627333100594528e-02
-2.040206232078094484e-01
2.765022986585008447e-01
1.797905624118253387e-01
1.687744294235566378e-01
-1.802420495265426859e-01
-2.350380647347814211e-01
1.520982103676546959e-01
-3.895069062880566341e-02
9.717736831043458090e-02
1.653025585398934239e-01
6.374647007330579151e-02
7.188054343670281787e-02
-1.327137219288579695e-01
6.042496484143335123e-02
-3.239942370439547470e-01
5.937673953357487655e-02
1.203264688798990206e-01
6.545614856705714302e-02
-2.671769348815934003e-02
-4.925869421151426314e-02
-1.953981017252676422e-01
1.649896607364801926e-01
1.504924016159771283e-01
-2.213124349399253898e-01
2.139738023547390622e-01
8.339276754315044782e-02
2.127963388556352586e-01
-1.662928029922558504e-01
-8.068528447161115585e-03
-2.570217892033005436e-01
-4.856582178744311973e-02
1.660736993724407085e-01
-6.758982552881340200e-02
1.510868291121029994e-01
2.899249008810028116e-01
-8.459078144740292404e-02
1.717048540543185953e-01
2.504137989893073235e-01
2.161200889426685701e-01
-3.013609504320062527e-02
2.546661539311068090e-01
6.477127839294624656e-02
-3.543965499360159921e-01
6.024907700778395908e-02
-4.671651057372536719e-01
1.677757048391214922e-01
-2.251010613552932582e-01
1.855706944653428836e-01
3.122112750958696004e-01
-1.771678425596665274e-01
1.451144990933436185e-01
-4.540763209008099044e-01
-8.305967488042241553e-02
2.632502172200948953e-01
2.391351436402843755e-01
-3.493413868409243062e-01
-3.924852924325191172e-01
2.557702731841186017e-01
-1.910933533175997456e-01
2.332601808088587414e-01
-3.631295324674430613e-01
