-2.060116302671447658e-02 -1.026787179627544795e-02
-1.930973445528590474e-02 -1.026787179627544795e-02
-1.801830588385733289e-02 -1.026787179627544795e-02
-1.672687731242876105e-02 -1.026787179627544795e-02
-1.543544874100019094e-02 -1.026787179627544795e-02
-1.414402016957161910e-02 -1.026787179627544795e-02
-1.285259159814304900e-02 -1.026787179627544795e-02
-1.156116302671447715e-02 -1.026787179627544795e-02
-1.026973445528590531e-02 -1.026787179627544795e-02
-8.978305883857333469e-03 -1.026787179627544795e-02
-7.686877312428761627e-03 -1.026787179627544795e-02
-6.395448741000191520e-03 -1.026787179627544795e-02
-5.104020169571619678e-03 -1.026787179627544795e-02
-3.812591598143049570e-03 -1.026787179627544795e-02
-2.521163026714477728e-03 -1.026787179627544795e-02
-1.229734455285905886e-03 -1.026787179627544795e-02
6.169411614266595567e-05 -1.026787179627544795e-02
1.353122687571237798e-03 -1.026787179627544795e-02
2.644551258999809640e-03 -1.026787179627544795e-02
3.935979830428381482e-03 -1.026787179627544795e-02
5.227408401856953324e-03 -1.026787179627544795e-02
6.518836973285521696e-03 -1.026787179627544795e-02
7.810265544714093539e-03 -1.026787179627544795e-02
9.101694116142665381e-03 -1.026787179627544795e-02
1.039312268757123722e-02 -1.026787179627544795e-02
1.168455125899980906e-02 -1.026787179627544795e-02
1.297597983042837744e-02 -1.026787179627544795e-02
1.426740840185695275e-02 -1.026787179627544795e-02
1.555883697328552112e-02 -1.026787179627544795e-02
1.685026554471409643e-02 -1.026787179627544795e-02
1.814169411614266481e-02 -1.026787179627544795e-02
1.943312268757124012e-02 -1.026787179627544795e-02
2.072455125899980849e-02 -1.026787179627544795e-02
2.201597983042837686e-02 -1.026787179627544795e-02
2.330740840185695217e-02 -1.026787179627544795e-02
2.459883697328552055e-02 -1.026787179627544795e-02
-2.060116302671447658e-02 -1.146787179627544763e-02
-1.930973445528590474e-02 -1.146787179627544763e-02
-1.801830588385733289e-02 -1.146787179627544763e-02
-1.672687731242876105e-02 -1.146787179627544763e-02
-1.543544874100019094e-02 -1.146787179627544763e-02
-1.414402016957161910e-02 -1.146787179627544763e-02
-1.285259159814304900e-02 -1.146787179627544763e-02
-1.156116302671447715e-02 -1.146787179627544763e-02
-1.026973445528590531e-02 -1.146787179627544763e-02
-8.978305883857333469e-03 -1.146787179627544763e-02
-7.686877312428761627e-03 -1.146787179627544763e-02
-6.395448741000191520e-03 -1.146787179627544763e-02
-5.104020169571619678e-03 -1.146787179627544763e-02
-3.812591598143049570e-03 -1.146787179627544763e-02
-2.521163026714477728e-03 -1.146787179627544763e-02
-1.229734455285905886e-03 -1.146787179627544763e-02
6.169411614266595567e-05 -1.146787179627544763e-02
1.353122687571237798e-03 -1.146787179627544763e-02
2.644551258999809640e-03 -1.146787179627544763e-02
3.935979830428381482e-03 -1.146787179627544763e-02
5.227408401856953324e-03 -1.146787179627544763e-02
6.518836973285521696e-03 -1.146787179627544763e-02
7.810265544714093539e-03 -1.146787179627544763e-02
9.101694116142665381e-03 -1.146787179627544763e-02
1.039312268757123722e-02 -1.146787179627544763e-02
1.168455125899980906e-02 -1.146787179627544763e-02
1.297597983042837744e-02 -1.146787179627544763e-02
1.426740840185695275e-02 -1.146787179627544763e-02
1.555883697328552112e-02 -1.146787179627544763e-02
1.685026554471409643e-02 -1.146787179627544763e-02
1.814169411614266481e-02 -1.146787179627544763e-02
1.943312268757124012e-02 -1.146787179627544763e-02
2.072455125899980849e-02 -1.146787179627544763e-02
2.201597983042837686e-02 -1.146787179627544763e-02
2.330740840185695217e-02 -1.146787179627544763e-02
2.459883697328552055e-02 -1.146787179627544763e-02
-2.060116302671447658e-02 -1.266787179627544731e-02
-1.930973445528590474e-02 -1.266787179627544731e-02
-1.801830588385733289e-02 -1.266787179627544731e-02
-1.672687731242876105e-02 -1.266787179627544731e-02
-1.543544874100019094e-02 -1.266787179627544731e-02
-1.414402016957161910e-02 -1.266787179627544731e-02
-1.285259159814304900e-02 -1.266787179627544731e-02
-1.156116302671447715e-02 -1.266787179627544731e-02
-1.026973445528590531e-02 -1.266787179627544731e-02
-8.978305883857333469e-03 -1.266787179627544731e-02
-7.686877312428761627e-03 -1.266787179627544731e-02
-6.395448741000191520e-03 -1.266787179627544731e-02
-5.104020169571619678e-03 -1.266787179627544731e-02
-3.812591598143049570e-03 -1.266787179627544731e-02
-2.521163026714477728e-03 -1.266787179627544731e-02
-1.229734455285905886e-03 -1.266787179627544731e-02
6.169411614266595567e-05 -1.266787179627544731e-02
1.353122687571237798e-03 -1.266787179627544731e-02
2.644551258999809640e-03 -1.266787179627544731e-02
3.935979830428381482e-03 -1.266787179627544731e-02
5.227408401856953324e-03 -1.266787179627544731e-02
6.518836973285521696e-03 -1.266787179627544731e-02
7.810265544714093539e-03 -1.266787179627544731e-02
9.101694116142665381e-03 -1.266787179627544731e-02
1.039312268757123722e-02 -1.266787179627544731e-02
1.168455125899980906e-02 -1.266787179627544731e-02
1.297597983042837744e-02 -1.266787179627544731e-02
1.426740840185695275e-02 -1.266787179627544731e-02
1.555883697328552112e-02 -1.266787179627544731e-02
1.685026554471409643e-02 -1.266787179627544731e-02
1.814169411614266481e-02 -1.266787179627544731e-02
1.943312268757124012e-02 -1.266787179627544731e-02
2.072455125899980849e-02 -1.266787179627544731e-02
2.201597983042837686e-02 -1.266787179627544731e-02
2.330740840185695217e-02 -1.266787179627544731e-02
2.459883697328552055e-02 -1.266787179627544731e-02
-2.060116302671447658e-02 -1.386787179627544699e-02
-1.930973445528590474e-02 -1.386787179627544699e-02
-1.801830588385733289e-02 -1.386787179627544699e-02
-1.672687731242876105e-02 -1.386787179627544699e-02
-1.543544874100019094e-02 -1.386787179627544699e-02
-1.414402016957161910e-02 -1.386787179627544699e-02
-1.285259159814304900e-02 -1.386787179627544699e-02
-1.156116302671447715e-02 -1.386787179627544699e-02
-1.026973445528590531e-02 -1.386787179627544699e-02
-8.978305883857333469e-03 -1.386787179627544699e-02
-7.686877312428761627e-03 -1.386787179627544699e-02
-6.395448741000191520e-03 -1.386787179627544699e-02
-5.104020169571619678e-03 -1.386787179627544699e-02
-3.812591598143049570e-03 -1.386787179627544699e-02
-2.521163026714477728e-03 -1.386787179627544699e-02
-1.229734455285905886e-03 -1.386787179627544699e-02
6.169411614266595567e-05 -1.386787179627544699e-02
1.353122687571237798e-03 -1.386787179627544699e-02
2.644551258999809640e-03 -1.386787179627544699e-02
3.935979830428381482e-03 -1.386787179627544699e-02
5.227408401856953324e-03 -1.386787179627544699e-02
6.518836973285521696e-03 -1.386787179627544699e-02
7.810265544714093539e-03 -1.386787179627544699e-02
9.101694116142665381e-03 -1.386787179627544699e-02
1.039312268757123722e-02 -1.386787179627544699e-02
1.168455125899980906e-02 -1.386787179627544699e-02
1.297597983042837744e-02 -1.386787179627544699e-02
1.426740840185695275e-02 -1.386787179627544699e-02
1.555883697328552112e-02 -1.386787179627544699e-02
1.685026554471409643e-02 -1.386787179627544699e-02
1.814169411614266481e-02 -1.386787179627544699e-02
1.943312268757124012e-02 -1.386787179627544699e-02
2.072455125899980849e-02 -1.386787179627544699e-02
2.201597983042837686e-02 -1.386787179627544699e-02
2.330740840185695217e-02 -1.386787179627544699e-02
2.459883697328552055e-02 -1.386787179627544699e-02
-2.060116302671447658e-02 -1.506787179627544666e-02
-1.930973445528590474e-02 -1.506787179627544666e-02
-1.801830588385733289e-02 -1.506787179627544666e-02
-1.672687731242876105e-02 -1.506787179627544666e-02
-1.543544874100019094e-02 -1.506787179627544666e-02
-1.414402016957161910e-02 -1.506787179627544666e-02
-1.285259159814304900e-02 -1.506787179627544666e-02
-1.156116302671447715e-02 -1.506787179627544666e-02
-1.026973445528590531e-02 -1.506787179627544666e-02
-8.978305883857333469e-03 -1.506787179627544666e-02
-7.686877312428761627e-03 -1.506787179627544666e-02
-6.395448741000191520e-03 -1.506787179627544666e-02
-5.104020169571619678e-03 -1.506787179627544666e-02
-3.812591598143049570e-03 -1.506787179627544666e-02
-2.521163026714477728e-03 -1.506787179627544666e-02
-1.229734455285905886e-03 -1.506787179627544666e-02
6.169411614266595567e-05 -1.506787179627544666e-02
1.353122687571237798e-03 -1.506787179627544666e-02
2.644551258999809640e-03 -1.506787179627544666e-02
3.935979830428381482e-03 -1.506787179627544666e-02
5.227408401856953324e-03 -1.506787179627544666e-02
6.518836973285521696e-03 -1.506787179627544666e-02
7.810265544714093539e-03 -1.506787179627544666e-02
9.101694116142665381e-03 -1.506787179627544666e-02
1.039312268757123722e-02 -1.506787179627544666e-02
1.168455125899980906e-02 -1.506787179627544666e-02
1.297597983042837744e-02 -1.506787179627544666e-02
1.426740840185695275e-02 -1.506787179627544666e-02
1.555883697328552112e-02 -1.506787179627544666e-02
1.685026554471409643e-02 -1.506787179627544666e-02
1.814169411614266481e-02 -1.506787179627544666e-02
1.943312268757124012e-02 -1.506787179627544666e-02
2.072455125899980849e-02 -1.506787179627544666e-02
2.201597983042837686e-02 -1.506787179627544666e-02
2.330740840185695217e-02 -1.506787179627544666e-02
2.459883697328552055e-02 -1.506787179627544666e-02
-2.060116302671447658e-02 -1.626787179627544808e-02
-1.930973445528590474e-02 -1.626787179627544808e-02
-1.801830588385733289e-02 -1.626787179627544808e-02
-1.672687731242876105e-02 -1.626787179627544808e-02
-1.543544874100019094e-02 -1.626787179627544808e-02
-1.414402016957161910e-02 -1.626787179627544808e-02
-1.285259159814304900e-02 -1.626787179627544808e-02
-1.156116302671447715e-02 -1.626787179627544808e-02
-1.026973445528590531e-02 -1.626787179627544808e-02
-8.978305883857333469e-03 -1.626787179627544808e-02
-7.686877312428761627e-03 -1.626787179627544808e-02
-6.395448741000191520e-03 -1.626787179627544808e-02
-5.104020169571619678e-03 -1.626787179627544808e-02
-3.812591598143049570e-03 -1.626787179627544808e-02
-2.521163026714477728e-03 -1.626787179627544808e-02
-1.229734455285905886e-03 -1.626787179627544808e-02
6.169411614266595567e-05 -1.626787179627544808e-02
1.353122687571237798e-03 -1.626787179627544808e-02
2.644551258999809640e-03 -1.626787179627544808e-02
3.935979830428381482e-03 -1.626787179627544808e-02
5.227408401856953324e-03 -1.626787179627544808e-02
6.518836973285521696e-03 -1.626787179627544808e-02
7.810265544714093539e-03 -1.626787179627544808e-02
9.101694116142665381e-03 -1.626787179627544808e-02
1.039312268757123722e-02 -1.626787179627544808e-02
1.168455125899980906e-02 -1.626787179627544808e-02
1.297597983042837744e-02 -1.626787179627544808e-02
1.426740840185695275e-02 -1.626787179627544808e-02
1.555883697328552112e-02 -1.626787179627544808e-02
1.685026554471409643e-02 -1.626787179627544808e-02
1.814169411614266481e-02 -1.626787179627544808e-02
1.943312268757124012e-02 -1.626787179627544808e-02
2.072455125899980849e-02 -1.626787179627544808e-02
2.201597983042837686e-02 -1.626787179627544808e-02
2.330740840185695217e-02 -1.626787179627544808e-02
2.459883697328552055e-02 -1.626787179627544808e-02
-2.060116302671447658e-02 -1.746787179627544775e-02
-1.930973445528590474e-02 -1.746787179627544775e-02
-1.801830588385733289e-02 -1.746787179627544775e-02
-1.672687731242876105e-02 -1.746787179627544775e-02
-1.543544874100019094e-02 -1.746787179627544775e-02
-1.414402016957161910e-02 -1.746787179627544775e-02
-1.285259159814304900e-02 -1.746787179627544775e-02
-1.156116302671447715e-02 -1.746787179627544775e-02
-1.026973445528590531e-02 -1.746787179627544775e-02
-8.978305883857333469e-03 -1.746787179627544775e-02
-7.686877312428761627e-03 -1.746787179627544775e-02
-6.395448741000191520e-03 -1.746787179627544775e-02
-5.104020169571619678e-03 -1.746787179627544775e-02
-3.812591598143049570e-03 -1.746787179627544775e-02
-2.521163026714477728e-03 -1.746787179627544775e-02
-1.229734455285905886e-03 -1.746787179627544775e-02
6.169411614266595567e-05 -1.746787179627544775e-02
1.353122687571237798e-03 -1.746787179627544775e-02
2.644551258999809640e-03 -1.746787179627544775e-02
3.935979830428381482e-03 -1.746787179627544775e-02
5.227408401856953324e-03 -1.746787179627544775e-02
6.518836973285521696e-03 -1.746787179627544775e-02
7.810265544714093539e-03 -1.746787179627544775e-02
9.101694116142665381e-03 -1.746787179627544775e-02
1.039312268757123722e-02 -1.746787179627544775e-02
1.168455125899980906e-02 -1.746787179627544775e-02
1.297597983042837744e-02 -1.746787179627544775e-02
1.426740840185695275e-02 -1.746787179627544775e-02
1.555883697328552112e-02 -1.746787179627544775e-02
1.685026554471409643e-02 -1.746787179627544775e-02
1.814169411614266481e-02 -1.746787179627544775e-02
1.943312268757124012e-02 -1.746787179627544775e-02
2.072455125899980849e-02 -1.746787179627544775e-02
2.201597983042837686e-02 -1.746787179627544775e-02
2.330740840185695217e-02 -1.746787179627544775e-02
2.459883697328552055e-02 -1.746787179627544775e-02
-2.060116302671447658e-02 -1.866787179627544743e-02
-1.930973445528590474e-02 -1.866787179627544743e-02
-1.801830588385733289e-02 -1.866787179627544743e-02
-1.672687731242876105e-02 -1.866787179627544743e-02
-1.543544874100019094e-02 -1.866787179627544743e-02
-1.414402016957161910e-02 -1.866787179627544743e-02
-1.285259159814304900e-02 -1.866787179627544743e-02
-1.156116302671447715e-02 -1.866787179627544743e-02
-1.026973445528590531e-02 -1.866787179627544743e-02
-8.978305883857333469e-03 -1.866787179627544743e-02
-7.686877312428761627e-03 -1.866787179627544743e-02
-6.395448741000191520e-03 -1.866787179627544743e-02
-5.104020169571619678e-03 -1.866787179627544743e-02
-3.812591598143049570e-03 -1.866787179627544743e-02
-2.521163026714477728e-03 -1.866787179627544743e-02
-1.229734455285905886e-03 -1.866787179627544743e-02
6.169411614266595567e-05 -1.866787179627544743e-02
1.353122687571237798e-03 -1.866787179627544743e-02
2.644551258999809640e-03 -1.866787179627544743e-02
3.935979830428381482e-03 -1.866787179627544743e-02
5.227408401856953324e-03 -1.866787179627544743e-02
6.518836973285521696e-03 -1.866787179627544743e-02
7.810265544714093539e-03 -1.866787179627544743e-02
9.101694116142665381e-03 -1.866787179627544743e-02
1.039312268757123722e-02 -1.866787179627544743e-02
1.168455125899980906e-02 -1.866787179627544743e-02
1.297597983042837744e-02 -1.866787179627544743e-02
1.426740840185695275e-02 -1.866787179627544743e-02
1.555883697328552112e-02 -1.866787179627544743e-02
1.685026554471409643e-02 -1.866787179627544743e-02
1.814169411614266481e-02 -1.866787179627544743e-02
1.943312268757124012e-02 -1.866787179627544743e-02
2.072455125899980849e-02 -1.866787179627544743e-02
2.201597983042837686e-02 -1.866787179627544743e-02
2.330740840185695217e-02 -1.866787179627544743e-02
2.459883697328552055e-02 -1.866787179627544743e-02
-2.060116302671447658e-02 -1.986787179627544711e-02
-1.930973445528590474e-02 -1.986787179627544711e-02
-1.801830588385733289e-02 -1.986787179627544711e-02
-1.672687731242876105e-02 -1.986787179627544711e-02
-1.543544874100019094e-02 -1.986787179627544711e-02
-1.414402016957161910e-02 -1.986787179627544711e-02
-1.285259159814304900e-02 -1.986787179627544711e-02
-1.156116302671447715e-02 -1.986787179627544711e-02
-1.026973445528590531e-02 -1.986787179627544711e-02
-8.978305883857333469e-03 -1.986787179627544711e-02
-7.686877312428761627e-03 -1.986787179627544711e-02
-6.395448741000191520e-03 -1.986787179627544711e-02
-5.104020169571619678e-03 -1.986787179627544711e-02
-3.812591598143049570e-03 -1.986787179627544711e-02
-2.521163026714477728e-03 -1.986787179627544711e-02
-1.229734455285905886e-03 -1.986787179627544711e-02
6.169411614266595567e-05 -1.986787179627544711e-02
1.353122687571237798e-03 -1.986787179627544711e-02
2.644551258999809640e-03 -1.986787179627544711e-02
3.935979830428381482e-03 -1.986787179627544711e-02
5.227408401856953324e-03 -1.986787179627544711e-02
6.518836973285521696e-03 -1.986787179627544711e-02
7.810265544714093539e-03 -1.986787179627544711e-02
9.101694116142665381e-03 -1.986787179627544711e-02
1.039312268757123722e-02 -1.986787179627544711e-02
1.168455125899980906e-02 -1.986787179627544711e-02
1.297597983042837744e-02 -1.986787179627544711e-02
1.426740840185695275e-02 -1.986787179627544711e-02
1.555883697328552112e-02 -1.986787179627544711e-02
1.685026554471409643e-02 -1.986787179627544711e-02
1.814169411614266481e-02 -1.986787179627544711e-02
1.943312268757124012e-02 -1.986787179627544711e-02
2.072455125899980849e-02 -1.986787179627544711e-02
2.201597983042837686e-02 -1.986787179627544711e-02
2.330740840185695217e-02 -1.986787179627544711e-02
2.459883697328552055e-02 -1.986787179627544711e-02
-2.060116302671447658e-02 -2.106787179627544679e-02
-1.930973445528590474e-02 -2.106787179627544679e-02
-1.801830588385733289e-02 -2.106787179627544679e-02
-1.672687731242876105e-02 -2.106787179627544679e-02
-1.543544874100019094e-02 -2.106787179627544679e-02
-1.414402016957161910e-02 -2.106787179627544679e-02
-1.285259159814304900e-02 -2.106787179627544679e-02
-1.156116302671447715e-02 -2.106787179627544679e-02
-1.026973445528590531e-02 -2.106787179627544679e-02
-8.978305883857333469e-03 -2.106787179627544679e-02
-7.686877312428761627e-03 -2.106787179627544679e-02
-6.395448741000191520e-03 -2.106787179627544679e-02
-5.104020169571619678e-03 -2.106787179627544679e-02
-3.812591598143049570e-03 -2.106787179627544679e-02
-2.521163026714477728e-03 -2.106787179627544679e-02
-1.229734455285905886e-03 -2.106787179627544679e-02
6.169411614266595567e-05 -2.106787179627544679e-02
1.353122687571237798e-03 -2.106787179627544679e-02
2.644551258999809640e-03 -2.106787179627544679e-02
3.935979830428381482e-03 -2.106787179627544679e-02
5.227408401856953324e-03 -2.106787179627544679e-02
6.518836973285521696e-03 -2.106787179627544679e-02
7.810265544714093539e-03 -2.106787179627544679e-02
9.101694116142665381e-03 -2.106787179627544679e-02
1.039312268757123722e-02 -2.106787179627544679e-02
1.168455125899980906e-02 -2.106787179627544679e-02
1.297597983042837744e-02 -2.106787179627544679e-02
1.426740840185695275e-02 -2.106787179627544679e-02
1.555883697328552112e-02 -2.106787179627544679e-02
1.685026554471409643e-02 -2.106787179627544679e-02
1.814169411614266481e-02 -2.106787179627544679e-02
1.943312268757124012e-02 -2.106787179627544679e-02
2.072455125899980849e-02 -2.106787179627544679e-02
2.201597983042837686e-02 -2.106787179627544679e-02
2.330740840185695217e-02 -2.106787179627544679e-02
2.459883697328552055e-02 -2.106787179627544679e-02
-2.060116302671447658e-02 -9.067871796275448273e-03
-1.930973445528590474e-02 -9.067871796275448273e-03
-1.801830588385733289e-02 -9.067871796275448273e-03
-1.672687731242876105e-02 -9.067871796275448273e-03
-1.543544874100019094e-02 -9.067871796275448273e-03
-1.414402016957161910e-02 -9.067871796275448273e-03
-1.285259159814304900e-02 -9.067871796275448273e-03
-1.156116302671447715e-02 -9.067871796275448273e-03
-1.026973445528590531e-02 -9.067871796275448273e-03
-8.978305883857333469e-03 -9.067871796275448273e-03
-7.686877312428761627e-03 -9.067871796275448273e-03
-6.395448741000191520e-03 -9.067871796275448273e-03
-5.104020169571619678e-03 -9.067871796275448273e-03
-3.812591598143049570e-03 -9.067871796275448273e-03
-2.521163026714477728e-03 -9.067871796275448273e-03
-1.229734455285905886e-03 -9.067871796275448273e-03
6.169411614266595567e-05 -9.067871796275448273e-03
1.353122687571237798e-03 -9.067871796275448273e-03
2.644551258999809640e-03 -9.067871796275448273e-03
3.935979830428381482e-03 -9.067871796275448273e-03
5.227408401856953324e-03 -9.067871796275448273e-03
6.518836973285521696e-03 -9.067871796275448273e-03
7.810265544714093539e-03 -9.067871796275448273e-03
9.101694116142665381e-03 -9.067871796275448273e-03
1.039312268757123722e-02 -9.067871796275448273e-03
1.168455125899980906e-02 -9.067871796275448273e-03
1.297597983042837744e-02 -9.067871796275448273e-03
1.426740840185695275e-02 -9.067871796275448273e-03
1.555883697328552112e-02 -9.067871796275448273e-03
1.685026554471409643e-02 -9.067871796275448273e-03
1.814169411614266481e-02 -9.067871796275448273e-03
1.943312268757124012e-02 -9.067871796275448273e-03
2.072455125899980849e-02 -9.067871796275448273e-03
2.201597983042837686e-02 -9.067871796275448273e-03
2.330740840185695217e-02 -9.067871796275448273e-03
2.459883697328552055e-02 -9.067871796275448273e-03
-2.060116302671447658e-02 -7.867871796275448595e-03
-1.930973445528590474e-02 -7.867871796275448595e-03
-1.801830588385733289e-02 -7.867871796275448595e-03
-1.672687731242876105e-02 -7.867871796275448595e-03
-1.543544874100019094e-02 -7.867871796275448595e-03
-1.414402016957161910e-02 -7.867871796275448595e-03
-1.285259159814304900e-02 -7.867871796275448595e-03
-1.156116302671447715e-02 -7.867871796275448595e-03
-1.026973445528590531e-02 -7.867871796275448595e-03
-8.978305883857333469e-03 -7.867871796275448595e-03
-7.686877312428761627e-03 -7.867871796275448595e-03
-6.395448741000191520e-03 -7.867871796275448595e-03
-5.104020169571619678e-03 -7.867871796275448595e-03
-3.812591598143049570e-03 -7.867871796275448595e-03
-2.521163026714477728e-03 -7.867871796275448595e-03
-1.229734455285905886e-03 -7.867871796275448595e-03
6.169411614266595567e-05 -7.867871796275448595e-03
1.353122687571237798e-03 -7.867871796275448595e-03
2.644551258999809640e-03 -7.867871796275448595e-03
3.935979830428381482e-03 -7.867871796275448595e-03
5.227408401856953324e-03 -7.867871796275448595e-03
6.518836973285521696e-03 -7.867871796275448595e-03
7.810265544714093539e-03 -7.867871796275448595e-03
9.101694116142665381e-03 -7.867871796275448595e-03
1.039312268757123722e-02 -7.867871796275448595e-03
1.168455125899980906e-02 -7.867871796275448595e-03
1.297597983042837744e-02 -7.867871796275448595e-03
1.426740840185695275e-02 -7.867871796275448595e-03
1.555883697328552112e-02 -7.867871796275448595e-03
1.685026554471409643e-02 -7.867871796275448595e-03
1.814169411614266481e-02 -7.867871796275448595e-03
1.943312268757124012e-02 -7.867871796275448595e-03
2.072455125899980849e-02 -7.867871796275448595e-03
2.201597983042837686e-02 -7.867871796275448595e-03
2.330740840185695217e-02 -7.867871796275448595e-03
2.459883697328552055e-02 -7.867871796275448595e-03
-2.060116302671447658e-02 -6.667871796275448917e-03
-1.930973445528590474e-02 -6.667871796275448917e-03
-1.801830588385733289e-02 -6.667871796275448917e-03
-1.672687731242876105e-02 -6.667871796275448917e-03
-1.543544874100019094e-02 -6.667871796275448917e-03
-1.414402016957161910e-02 -6.667871796275448917e-03
-1.285259159814304900e-02 -6.667871796275448917e-03
-1.156116302671447715e-02 -6.667871796275448917e-03
-1.026973445528590531e-02 -6.667871796275448917e-03
-8.978305883857333469e-03 -6.667871796275448917e-03
-7.686877312428761627e-03 -6.667871796275448917e-03
-6.395448741000191520e-03 -6.667871796275448917e-03
-5.104020169571619678e-03 -6.667871796275448917e-03
-3.812591598143049570e-03 -6.667871796275448917e-03
-2.521163026714477728e-03 -6.667871796275448917e-03
-1.229734455285905886e-03 -6.667871796275448917e-03
6.169411614266595567e-05 -6.667871796275448917e-03
1.353122687571237798e-03 -6.667871796275448917e-03
2.644551258999809640e-03 -6.667871796275448917e-03
3.935979830428381482e-03 -6.667871796275448917e-03
5.227408401856953324e-03 -6.667871796275448917e-03
6.518836973285521696e-03 -6.667871796275448917e-03
7.810265544714093539e-03 -6.667871796275448917e-03
9.101694116142665381e-03 -6.667871796275448917e-03
1.039312268757123722e-02 -6.667871796275448917e-03
1.168455125899980906e-02 -6.667871796275448917e-03
1.297597983042837744e-02 -6.667871796275448917e-03
1.426740840185695275e-02 -6.667871796275448917e-03
1.555883697328552112e-02 -6.667871796275448917e-03
1.685026554471409643e-02 -6.667871796275448917e-03
1.814169411614266481e-02 -6.667871796275448917e-03
1.943312268757124012e-02 -6.667871796275448917e-03
2.072455125899980849e-02 -6.667871796275448917e-03
2.201597983042837686e-02 -6.667871796275448917e-03
2.330740840185695217e-02 -6.667871796275448917e-03
2.459883697328552055e-02 -6.667871796275448917e-03
-2.060116302671447658e-02 -5.467871796275449239e-03
-1.930973445528590474e-02 -5.467871796275449239e-03
-1.801830588385733289e-02 -5.467871796275449239e-03
-1.672687731242876105e-02 -5.467871796275449239e-03
-1.543544874100019094e-02 -5.467871796275449239e-03
-1.414402016957161910e-02 -5.467871796275449239e-03
-1.285259159814304900e-02 -5.467871796275449239e-03
-1.156116302671447715e-02 -5.467871796275449239e-03
-1.026973445528590531e-02 -5.467871796275449239e-03
-8.978305883857333469e-03 -5.467871796275449239e-03
-7.686877312428761627e-03 -5.467871796275449239e-03
-6.395448741000191520e-03 -5.467871796275449239e-03
-5.104020169571619678e-03 -5.467871796275449239e-03
-3.812591598143049570e-03 -5.467871796275449239e-03
-2.521163026714477728e-03 -5.467871796275449239e-03
-1.229734455285905886e-03 -5.467871796275449239e-03
6.169411614266595567e-05 -5.467871796275449239e-03
1.353122687571237798e-03 -5.467871796275449239e-03
2.644551258999809640e-03 -5.467871796275449239e-03
3.935979830428381482e-03 -5.467871796275449239e-03
5.227408401856953324e-03 -5.467871796275449239e-03
6.518836973285521696e-03 -5.467871796275449239e-03
7.810265544714093539e-03 -5.467871796275449239e-03
9.101694116142665381e-03 -5.467871796275449239e-03
1.039312268757123722e-02 -5.467871796275449239e-03
1.168455125899980906e-02 -5.467871796275449239e-03
1.297597983042837744e-02 -5.467871796275449239e-03
1.426740840185695275e-02 -5.467871796275449239e-03
1.555883697328552112e-02 -5.467871796275449239e-03
1.685026554471409643e-02 -5.467871796275449239e-03
1.814169411614266481e-02 -5.467871796275449239e-03
1.943312268757124012e-02 -5.467871796275449239e-03
2.072455125899980849e-02 -5.467871796275449239e-03
2.201597983042837686e-02 -5.467871796275449239e-03
2.330740840185695217e-02 -5.467871796275449239e-03
2.459883697328552055e-02 -5.467871796275449239e-03
-2.060116302671447658e-02 -4.267871796275449561e-03
-1.930973445528590474e-02 -4.267871796275449561e-03
-1.801830588385733289e-02 -4.267871796275449561e-03
-1.672687731242876105e-02 -4.267871796275449561e-03
-1.543544874100019094e-02 -4.267871796275449561e-03
-1.414402016957161910e-02 -4.267871796275449561e-03
-1.285259159814304900e-02 -4.267871796275449561e-03
-1.156116302671447715e-02 -4.267871796275449561e-03
-1.026973445528590531e-02 -4.267871796275449561e-03
-8.978305883857333469e-03 -4.267871796275449561e-03
-7.686877312428761627e-03 -4.267871796275449561e-03
-6.395448741000191520e-03 -4.267871796275449561e-03
-5.104020169571619678e-03 -4.267871796275449561e-03
-3.812591598143049570e-03 -4.267871796275449561e-03
-2.521163026714477728e-03 -4.267871796275449561e-03
-1.229734455285905886e-03 -4.267871796275449561e-03
6.169411614266595567e-05 -4.267871796275449561e-03
1.353122687571237798e-03 -4.267871796275449561e-03
2.644551258999809640e-03 -4.267871796275449561e-03
3.935979830428381482e-03 -4.267871796275449561e-03
5.227408401856953324e-03 -4.267871796275449561e-03
6.518836973285521696e-03 -4.267871796275449561e-03
7.810265544714093539e-03 -4.267871796275449561e-03
9.101694116142665381e-03 -4.267871796275449561e-03
1.039312268757123722e-02 -4.267871796275449561e-03
1.168455125899980906e-02 -4.267871796275449561e-03
1.297597983042837744e-02 -4.267871796275449561e-03
1.426740840185695275e-02 -4.267871796275449561e-03
1.555883697328552112e-02 -4.267871796275449561e-03
1.685026554471409643e-02 -4.267871796275449561e-03
1.814169411614266481e-02 -4.267871796275449561e-03
1.943312268757124012e-02 -4.267871796275449561e-03
2.072455125899980849e-02 -4.267871796275449561e-03
2.201597983042837686e-02 -4.267871796275449561e-03
2.330740840185695217e-02 -4.267871796275449561e-03
2.459883697328552055e-02 -4.267871796275449561e-03
-2.060116302671447658e-02 -3.067871796275449883e-03
-1.930973445528590474e-02 -3.067871796275449883e-03
-1.801830588385733289e-02 -3.067871796275449883e-03
-1.672687731242876105e-02 -3.067871796275449883e-03
-1.543544874100019094e-02 -3.067871796275449883e-03
-1.414402016957161910e-02 -3.067871796275449883e-03
-1.285259159814304900e-02 -3.067871796275449883e-03
-1.156116302671447715e-02 -3.067871796275449883e-03
-1.026973445528590531e-02 -3.067871796275449883e-03
-8.978305883857333469e-03 -3.067871796275449883e-03
-7.686877312428761627e-03 -3.067871796275449883e-03
-6.395448741000191520e-03 -3.067871796275449883e-03
-5.104020169571619678e-03 -3.067871796275449883e-03
-3.812591598143049570e-03 -3.067871796275449883e-03
-2.521163026714477728e-03 -3.067871796275449883e-03
-1.229734455285905886e-03 -3.067871796275449883e-03
6.169411614266595567e-05 -3.067871796275449883e-03
1.353122687571237798e-03 -3.067871796275449883e-03
2.644551258999809640e-03 -3.067871796275449883e-03
3.935979830428381482e-03 -3.067871796275449883e-03
5.227408401856953324e-03 -3.067871796275449883e-03
6.518836973285521696e-03 -3.067871796275449883e-03
7.810265544714093539e-03 -3.067871796275449883e-03
9.101694116142665381e-03 -3.067871796275449883e-03
1.039312268757123722e-02 -3.067871796275449883e-03
1.168455125899980906e-02 -3.067871796275449883e-03
1.297597983042837744e-02 -3.067871796275449883e-03
1.426740840185695275e-02 -3.067871796275449883e-03
1.555883697328552112e-02 -3.067871796275449883e-03
1.685026554471409643e-02 -3.067871796275449883e-03
1.814169411614266481e-02 -3.067871796275449883e-03
1.943312268757124012e-02 -3.067871796275449883e-03
2.072455125899980849e-02 -3.067871796275449883e-03
2.201597983042837686e-02 -3.067871796275449883e-03
2.330740840185695217e-02 -3.067871796275449883e-03
2.459883697328552055e-02 -3.067871796275449883e-03
-2.060116302671447658e-02 -1.867871796275449988e-03
-1.930973445528590474e-02 -1.867871796275449988e-03
-1.801830588385733289e-02 -1.867871796275449988e-03
-1.672687731242876105e-02 -1.867871796275449988e-03
-1.543544874100019094e-02 -1.867871796275449988e-03
-1.414402016957161910e-02 -1.867871796275449988e-03
-1.285259159814304900e-02 -1.867871796275449988e-03
-1.156116302671447715e-02 -1.867871796275449988e-03
-1.026973445528590531e-02 -1.867871796275449988e-03
-8.978305883857333469e-03 -1.867871796275449988e-03
-7.686877312428761627e-03 -1.867871796275449988e-03
-6.395448741000191520e-03 -1.867871796275449988e-03
-5.104020169571619678e-03 -1.867871796275449988e-03
-3.812591598143049570e-03 -1.867871796275449988e-03
-2.521163026714477728e-03 -1.867871796275449988e-03
-1.229734455285905886e-03 -1.867871796275449988e-03
6.169411614266595567e-05 -1.867871796275449988e-03
1.353122687571237798e-03 -1.867871796275449988e-03
2.644551258999809640e-03 -1.867871796275449988e-03
3.935979830428381482e-03 -1.867871796275449988e-03
5.227408401856953324e-03 -1.867871796275449988e-03
6.518836973285521696e-03 -1.867871796275449988e-03
7.810265544714093539e-03 -1.867871796275449988e-03
9.101694116142665381e-03 -1.867871796275449988e-03
1.039312268757123722e-02 -1.867871796275449988e-03
1.168455125899980906e-02 -1.867871796275449988e-03
1.297597983042837744e-02 -1.867871796275449988e-03
1.426740840185695275e-02 -1.867871796275449988e-03
1.555883697328552112e-02 -1.867871796275449988e-03
1.685026554471409643e-02 -1.867871796275449988e-03
1.814169411614266481e-02 -1.867871796275449988e-03
1.943312268757124012e-02 -1.867871796275449988e-03
2.072455125899980849e-02 -1.867871796275449988e-03
2.201597983042837686e-02 -1.867871796275449988e-03
2.330740840185695217e-02 -1.867871796275449988e-03
2.459883697328552055e-02 -1.867871796275449988e-03
-2.060116302671447658e-02 -6.678717962754500935e-04
-1.930973445528590474e-02 -6.678717962754500935e-04
-1.801830588385733289e-02 -6.678717962754500935e-04
-1.672687731242876105e-02 -6.678717962754500935e-04
-1.543544874100019094e-02 -6.678717962754500935e-04
-1.414402016957161910e-02 -6.678717962754500935e-04
-1.285259159814304900e-02 -6.678717962754500935e-04
-1.156116302671447715e-02 -6.678717962754500935e-04
-1.026973445528590531e-02 -6.678717962754500935e-04
-8.978305883857333469e-03 -6.678717962754500935e-04
-7.686877312428761627e-03 -6.678717962754500935e-04
-6.395448741000191520e-03 -6.678717962754500935e-04
-5.104020169571619678e-03 -6.678717962754500935e-04
-3.812591598143049570e-03 -6.678717962754500935e-04
-2.521163026714477728e-03 -6.678717962754500935e-04
-1.229734455285905886e-03 -6.678717962754500935e-04
6.169411614266595567e-05 -6.678717962754500935e-04
1.353122687571237798e-03 -6.678717962754500935e-04
2.644551258999809640e-03 -6.678717962754500935e-04
3.935979830428381482e-03 -6.678717962754500935e-04
5.227408401856953324e-03 -6.678717962754500935e-04
6.518836973285521696e-03 -6.678717962754500935e-04
7.810265544714093539e-03 -6.678717962754500935e-04
9.101694116142665381e-03 -6.678717962754500935e-04
1.039312268757123722e-02 -6.678717962754500935e-04
1.168455125899980906e-02 -6.678717962754500935e-04
1.297597983042837744e-02 -6.678717962754500935e-04
1.426740840185695275e-02 -6.678717962754500935e-04
1.555883697328552112e-02 -6.678717962754500935e-04
1.685026554471409643e-02 -6.678717962754500935e-04
1.814169411614266481e-02 -6.678717962754500935e-04
1.943312268757124012e-02 -6.678717962754500935e-04
2.072455125899980849e-02 -6.678717962754500935e-04
2.201597983042837686e-02 -6.678717962754500935e-04
2.330740840185695217e-02 -6.678717962754500935e-04
2.459883697328552055e-02 -6.678717962754500935e-04
-2.060116302671447658e-02 5.321282037245498014e-04
-1.930973445528590474e-02 5.321282037245498014e-04
-1.801830588385733289e-02 5.321282037245498014e-04
-1.672687731242876105e-02 5.321282037245498014e-04
-1.543544874100019094e-02 5.321282037245498014e-04
-1.414402016957161910e-02 5.321282037245498014e-04
-1.285259159814304900e-02 5.321282037245498014e-04
-1.156116302671447715e-02 5.321282037245498014e-04
-1.026973445528590531e-02 5.321282037245498014e-04
-8.978305883857333469e-03 5.321282037245498014e-04
-7.686877312428761627e-03 5.321282037245498014e-04
-6.395448741000191520e-03 5.321282037245498014e-04
-5.104020169571619678e-03 5.321282037245498014e-04
-3.812591598143049570e-03 5.321282037245498014e-04
-2.521163026714477728e-03 5.321282037245498014e-04
-1.229734455285905886e-03 5.321282037245498014e-04
6.169411614266595567e-05 5.321282037245498014e-04
1.353122687571237798e-03 5.321282037245498014e-04
2.644551258999809640e-03 5.321282037245498014e-04
3.935979830428381482e-03 5.321282037245498014e-04
5.227408401856953324e-03 5.321282037245498014e-04
6.518836973285521696e-03 5.321282037245498014e-04
7.810265544714093539e-03 5.321282037245498014e-04
9.101694116142665381e-03 5.321282037245498014e-04
1.039312268757123722e-02 5.321282037245498014e-04
1.168455125899980906e-02 5.321282037245498014e-04
1.297597983042837744e-02 5.321282037245498014e-04
1.426740840185695275e-02 5.321282037245498014e-04
1.555883697328552112e-02 5.321282037245498014e-04
1.685026554471409643e-02 5.321282037245498014e-04
1.814169411614266481e-02 5.321282037245498014e-04
1.943312268757124012e-02 5.321282037245498014e-04
2.072455125899980849e-02 5.321282037245498014e-04
2.201597983042837686e-02 5.321282037245498014e-04
2.330740840185695217e-02 5.321282037245498014e-04
2.459883697328552055e-02 5.321282037245498014e-04
-2.060116302671447658e-02 1.732128203724549696e-03
-1.930973445528590474e-02 1.732128203724549696e-03
-1.801830588385733289e-02 1.732128203724549696e-03
-1.672687731242876105e-02 1.732128203724549696e-03
-1.543544874100019094e-02 1.732128203724549696e-03
-1.414402016957161910e-02 1.732128203724549696e-03
-1.285259159814304900e-02 1.732128203724549696e-03
-1.156116302671447715e-02 1.732128203724549696e-03
-1.026973445528590531e-02 1.732128203724549696e-03
-8.978305883857333469e-03 1.732128203724549696e-03
-7.686877312428761627e-03 1.732128203724549696e-03
-6.395448741000191520e-03 1.732128203724549696e-03
-5.104020169571619678e-03 1.732128203724549696e-03
-3.812591598143049570e-03 1.732128203724549696e-03
-2.521163026714477728e-03 1.732128203724549696e-03
-1.229734455285905886e-03 1.732128203724549696e-03
6.169411614266595567e-05 1.732128203724549696e-03
1.353122687571237798e-03 1.732128203724549696e-03
2.644551258999809640e-03 1.732128203724549696e-03
3.935979830428381482e-03 1.732128203724549696e-03
5.227408401856953324e-03 1.732128203724549696e-03
6.518836973285521696e-03 1.732128203724549696e-03
7.810265544714093539e-03 1.732128203724549696e-03
9.101694116142665381e-03 1.732128203724549696e-03
1.039312268757123722e-02 1.732128203724549696e-03
1.168455125899980906e-02 1.732128203724549696e-03
1.297597983042837744e-02 1.732128203724549696e-03
1.426740840185695275e-02 1.732128203724549696e-03
1.555883697328552112e-02 1.732128203724549696e-03
1.685026554471409643e-02 1.732128203724549696e-03
1.814169411614266481e-02 1.732128203724549696e-03
1.943312268757124012e-02 1.732128203724549696e-03
2.072455125899980849e-02 1.732128203724549696e-03
2.201597983042837686e-02 1.732128203724549696e-03
2.330740840185695217e-02 1.732128203724549696e-03
2.459883697328552055e-02 1.732128203724549696e-03
-2.060116302671447658e-02 2.932128203724549374e-03
-1.930973445528590474e-02 2.932128203724549374e-03
-1.801830588385733289e-02 2.932128203724549374e-03
-1.672687731242876105e-02 2.932128203724549374e-03
-1.543544874100019094e-02 2.932128203724549374e-03
-1.414402016957161910e-02 2.932128203724549374e-03
-1.285259159814304900e-02 2.932128203724549374e-03
-1.156116302671447715e-02 2.932128203724549374e-03
-1.026973445528590531e-02 2.932128203724549374e-03
-8.978305883857333469e-03 2.932128203724549374e-03
-7.686877312428761627e-03 2.932128203724549374e-03
-6.395448741000191520e-03 2.932128203724549374e-03
-5.104020169571619678e-03 2.932128203724549374e-03
-3.812591598143049570e-03 2.932128203724549374e-03
-2.521163026714477728e-03 2.932128203724549374e-03
-1.229734455285905886e-03 2.932128203724549374e-03
6.169411614266595567e-05 2.932128203724549374e-03
1.353122687571237798e-03 2.932128203724549374e-03
2.644551258999809640e-03 2.932128203724549374e-03
3.935979830428381482e-03 2.932128203724549374e-03
5.227408401856953324e-03 2.932128203724549374e-03
6.518836973285521696e-03 2.932128203724549374e-03
7.810265544714093539e-03 2.932128203724549374e-03
9.101694116142665381e-03 2.932128203724549374e-03
1.039312268757123722e-02 2.932128203724549374e-03
1.168455125899980906e-02 2.932128203724549374e-03
1.297597983042837744e-02 2.932128203724549374e-03
1.426740840185695275e-02 2.932128203724549374e-03
1.555883697328552112e-02 2.932128203724549374e-03
1.685026554471409643e-02 2.932128203724549374e-03
1.814169411614266481e-02 2.932128203724549374e-03
1.943312268757124012e-02 2.932128203724549374e-03
2.072455125899980849e-02 2.932128203724549374e-03
2.201597983042837686e-02 2.932128203724549374e-03
2.330740840185695217e-02 2.932128203724549374e-03
2.459883697328552055e-02 2.932128203724549374e-03
-2.060116302671447658e-02 4.132128203724549052e-03
-1.930973445528590474e-02 4.132128203724549052e-03
-1.801830588385733289e-02 4.132128203724549052e-03
-1.672687731242876105e-02 4.132128203724549052e-03
-1.543544874100019094e-02 4.132128203724549052e-03
-1.414402016957161910e-02 4.132128203724549052e-03
-1.285259159814304900e-02 4.132128203724549052e-03
-1.156116302671447715e-02 4.132128203724549052e-03
-1.026973445528590531e-02 4.132128203724549052e-03
-8.978305883857333469e-03 4.132128203724549052e-03
-7.686877312428761627e-03 4.132128203724549052e-03
-6.395448741000191520e-03 4.132128203724549052e-03
-5.104020169571619678e-03 4.132128203724549052e-03
-3.812591598143049570e-03 4.132128203724549052e-03
-2.521163026714477728e-03 4.132128203724549052e-03
-1.229734455285905886e-03 4.132128203724549052e-03
6.169411614266595567e-05 4.132128203724549052e-03
1.353122687571237798e-03 4.132128203724549052e-03
2.644551258999809640e-03 4.132128203724549052e-03
3.935979830428381482e-03 4.132128203724549052e-03
5.227408401856953324e-03 4.132128203724549052e-03
6.518836973285521696e-03 4.132128203724549052e-03
7.810265544714093539e-03 4.132128203724549052e-03
9.101694116142665381e-03 4.132128203724549052e-03
1.039312268757123722e-02 4.132128203724549052e-03
1.168455125899980906e-02 4.132128203724549052e-03
1.297597983042837744e-02 4.132128203724549052e-03
1.426740840185695275e-02 4.132128203724549052e-03
1.555883697328552112e-02 4.132128203724549052e-03
1.685026554471409643e-02 4.132128203724549052e-03
1.814169411614266481e-02 4.132128203724549052e-03
1.943312268757124012e-02 4.132128203724549052e-03
2.072455125899980849e-02 4.132128203724549052e-03
2.201597983042837686e-02 4.132128203724549052e-03
2.330740840185695217e-02 4.132128203724549052e-03
2.459883697328552055e-02 4.132128203724549052e-03
-2.060116302671447658e-02 5.332128203724548730e-03
-1.930973445528590474e-02 5.332128203724548730e-03
-1.801830588385733289e-02 5.332128203724548730e-03
-1.672687731242876105e-02 5.332128203724548730e-03
-1.543544874100019094e-02 5.332128203724548730e-03
-1.414402016957161910e-02 5.332128203724548730e-03
-1.285259159814304900e-02 5.332128203724548730e-03
-1.156116302671447715e-02 5.332128203724548730e-03
-1.026973445528590531e-02 5.332128203724548730e-03
-8.978305883857333469e-03 5.332128203724548730e-03
-7.686877312428761627e-03 5.332128203724548730e-03
-6.395448741000191520e-03 5.332128203724548730e-03
-5.104020169571619678e-03 5.332128203724548730e-03
-3.812591598143049570e-03 5.332128203724548730e-03
-2.521163026714477728e-03 5.332128203724548730e-03
-1.229734455285905886e-03 5.332128203724548730e-03
6.169411614266595567e-05 5.332128203724548730e-03
1.353122687571237798e-03 5.332128203724548730e-03
2.644551258999809640e-03 5.332128203724548730e-03
3.935979830428381482e-03 5.332128203724548730e-03
5.227408401856953324e-03 5.332128203724548730e-03
6.518836973285521696e-03 5.332128203724548730e-03
7.810265544714093539e-03 5.332128203724548730e-03
9.101694116142665381e-03 5.332128203724548730e-03
1.039312268757123722e-02 5.332128203724548730e-03
1.168455125899980906e-02 5.332128203724548730e-03
1.297597983042837744e-02 5.332128203724548730e-03
1.426740840185695275e-02 5.332128203724548730e-03
1.555883697328552112e-02 5.332128203724548730e-03
1.685026554471409643e-02 5.332128203724548730e-03
1.814169411614266481e-02 5.332128203724548730e-03
1.943312268757124012e-02 5.332128203724548730e-03
2.072455125899980849e-02 5.332128203724548730e-03
2.201597983042837686e-02 5.332128203724548730e-03
2.330740840185695217e-02 5.332128203724548730e-03
2.459883697328552055e-02 5.332128203724548730e-03
-2.060116302671447658e-02 6.532128203724548408e-03
-1.930973445528590474e-02 6.532128203724548408e-03
-1.801830588385733289e-02 6.532128203724548408e-03
-1.672687731242876105e-02 6.532128203724548408e-03
-1.543544874100019094e-02 6.532128203724548408e-03
-1.414402016957161910e-02 6.532128203724548408e-03
-1.285259159814304900e-02 6.532128203724548408e-03
-1.156116302671447715e-02 6.532128203724548408e-03
-1.026973445528590531e-02 6.532128203724548408e-03
-8.978305883857333469e-03 6.532128203724548408e-03
-7.686877312428761627e-03 6.532128203724548408e-03
-6.395448741000191520e-03 6.532128203724548408e-03
-5.104020169571619678e-03 6.532128203724548408e-03
-3.812591598143049570e-03 6.532128203724548408e-03
-2.521163026714477728e-03 6.532128203724548408e-03
-1.229734455285905886e-03 6.532128203724548408e-03
6.169411614266595567e-05 6.532128203724548408e-03
1.353122687571237798e-03 6.532128203724548408e-03
2.644551258999809640e-03 6.532128203724548408e-03
3.935979830428381482e-03 6.532128203724548408e-03
5.227408401856953324e-03 6.532128203724548408e-03
6.518836973285521696e-03 6.532128203724548408e-03
7.810265544714093539e-03 6.532128203724548408e-03
9.101694116142665381e-03 6.532128203724548408e-03
1.039312268757123722e-02 6.532128203724548408e-03
1.168455125899980906e-02 6.532128203724548408e-03
1.297597983042837744e-02 6.532128203724548408e-03
1.426740840185695275e-02 6.532128203724548408e-03
1.555883697328552112e-02 6.532128203724548408e-03
1.685026554471409643e-02 6.532128203724548408e-03
1.814169411614266481e-02 6.532128203724548408e-03
1.943312268757124012e-02 6.532128203724548408e-03
2.072455125899980849e-02 6.532128203724548408e-03
2.201597983042837686e-02 6.532128203724548408e-03
2.330740840185695217e-02 6.532128203724548408e-03
2.459883697328552055e-02 6.532128203724548408e-03
-2.060116302671447658e-02 7.732128203724548086e-03
-1.930973445528590474e-02 7.732128203724548086e-03
-1.801830588385733289e-02 7.732128203724548086e-03
-1.672687731242876105e-02 7.732128203724548086e-03
-1.543544874100019094e-02 7.732128203724548086e-03
-1.414402016957161910e-02 7.732128203724548086e-03
-1.285259159814304900e-02 7.732128203724548086e-03
-1.156116302671447715e-02 7.732128203724548086e-03
-1.026973445528590531e-02 7.732128203724548086e-03
-8.978305883857333469e-03 7.732128203724548086e-03
-7.686877312428761627e-03 7.732128203724548086e-03
-6.395448741000191520e-03 7.732128203724548086e-03
-5.104020169571619678e-03 7.732128203724548086e-03
-3.812591598143049570e-03 7.732128203724548086e-03
-2.521163026714477728e-03 7.732128203724548086e-03
-1.229734455285905886e-03 7.732128203724548086e-03
6.169411614266595567e-05 7.732128203724548086e-03
1.353122687571237798e-03 7.732128203724548086e-03
2.644551258999809640e-03 7.732128203724548086e-03
3.935979830428381482e-03 7.732128203724548086e-03
5.227408401856953324e-03 7.732128203724548086e-03
6.518836973285521696e-03 7.732128203724548086e-03
7.810265544714093539e-03 7.732128203724548086e-03
9.101694116142665381e-03 7.732128203724548086e-03
1.039312268757123722e-02 7.732128203724548086e-03
1.168455125899980906e-02 7.732128203724548086e-03
1.297597983042837744e-02 7.732128203724548086e-03
1.426740840185695275e-02 7.732128203724548086e-03
1.555883697328552112e-02 7.732128203724548086e-03
1.685026554471409643e-02 7.732128203724548086e-03
1.814169411614266481e-02 7.732128203724548086e-03
1.943312268757124012e-02 7.732128203724548086e-03
2.072455125899980849e-02 7.732128203724548086e-03
2.201597983042837686e-02 7.732128203724548086e-03
2.330740840185695217e-02 7.732128203724548086e-03
2.459883697328552055e-02 7.732128203724548086e-03
-2.060116302671447658e-02 8.932128203724548632e-03
-1.930973445528590474e-02 8.932128203724548632e-03
-1.801830588385733289e-02 8.932128203724548632e-03
-1.672687731242876105e-02 8.932128203724548632e-03
-1.543544874100019094e-02 8.932128203724548632e-03
-1.414402016957161910e-02 8.932128203724548632e-03
-1.285259159814304900e-02 8.932128203724548632e-03
-1.156116302671447715e-02 8.932128203724548632e-03
-1.026973445528590531e-02 8.932128203724548632e-03
-8.978305883857333469e-03 8.932128203724548632e-03
-7.686877312428761627e-03 8.932128203724548632e-03
-6.395448741000191520e-03 8.932128203724548632e-03
-5.104020169571619678e-03 8.932128203724548632e-03
-3.812591598143049570e-03 8.932128203724548632e-03
-2.521163026714477728e-03 8.932128203724548632e-03
-1.229734455285905886e-03 8.932128203724548632e-03
6.169411614266595567e-05 8.932128203724548632e-03
1.353122687571237798e-03 8.932128203724548632e-03
2.644551258999809640e-03 8.932128203724548632e-03
3.935979830428381482e-03 8.932128203724548632e-03
5.227408401856953324e-03 8.932128203724548632e-03
6.518836973285521696e-03 8.932128203724548632e-03
7.810265544714093539e-03 8.932128203724548632e-03
9.101694116142665381e-03 8.932128203724548632e-03
1.039312268757123722e-02 8.932128203724548632e-03
1.168455125899980906e-02 8.932128203724548632e-03
1.297597983042837744e-02 8.932128203724548632e-03
1.426740840185695275e-02 8.932128203724548632e-03
1.555883697328552112e-02 8.932128203724548632e-03
1.685026554471409643e-02 8.932128203724548632e-03
1.814169411614266481e-02 8.932128203724548632e-03
1.943312268757124012e-02 8.932128203724548632e-03
2.072455125899980849e-02 8.932128203724548632e-03
2.201597983042837686e-02 8.932128203724548632e-03
2.330740840185695217e-02 8.932128203724548632e-03
2.459883697328552055e-02 8.932128203724548632e-03
-2.060116302671447658e-02 1.013212820372454831e-02
-1.930973445528590474e-02 1.013212820372454831e-02
-1.801830588385733289e-02 1.013212820372454831e-02
-1.672687731242876105e-02 1.013212820372454831e-02
-1.543544874100019094e-02 1.013212820372454831e-02
-1.414402016957161910e-02 1.013212820372454831e-02
-1.285259159814304900e-02 1.013212820372454831e-02
-1.156116302671447715e-02 1.013212820372454831e-02
-1.026973445528590531e-02 1.013212820372454831e-02
-8.978305883857333469e-03 1.013212820372454831e-02
-7.686877312428761627e-03 1.013212820372454831e-02
-6.395448741000191520e-03 1.013212820372454831e-02
-5.104020169571619678e-03 1.013212820372454831e-02
-3.812591598143049570e-03 1.013212820372454831e-02
-2.521163026714477728e-03 1.013212820372454831e-02
-1.229734455285905886e-03 1.013212820372454831e-02
6.169411614266595567e-05 1.013212820372454831e-02
1.353122687571237798e-03 1.013212820372454831e-02
2.644551258999809640e-03 1.013212820372454831e-02
3.935979830428381482e-03 1.013212820372454831e-02
5.227408401856953324e-03 1.013212820372454831e-02
6.518836973285521696e-03 1.013212820372454831e-02
7.810265544714093539e-03 1.013212820372454831e-02
9.101694116142665381e-03 1.013212820372454831e-02
1.039312268757123722e-02 1.013212820372454831e-02
1.168455125899980906e-02 1.013212820372454831e-02
1.297597983042837744e-02 1.013212820372454831e-02
1.426740840185695275e-02 1.013212820372454831e-02
1.555883697328552112e-02 1.013212820372454831e-02
1.685026554471409643e-02 1.013212820372454831e-02
1.814169411614266481e-02 1.013212820372454831e-02
1.943312268757124012e-02 1.013212820372454831e-02
2.072455125899980849e-02 1.013212820372454831e-02
2.201597983042837686e-02 1.013212820372454831e-02
2.330740840185695217e-02 1.013212820372454831e-02
2.459883697328552055e-02 1.013212820372454831e-02
-2.060116302671447658e-02 1.133212820372454799e-02
-1.930973445528590474e-02 1.133212820372454799e-02
-1.801830588385733289e-02 1.133212820372454799e-02
-1.672687731242876105e-02 1.133212820372454799e-02
-1.543544874100019094e-02 1.133212820372454799e-02
-1.414402016957161910e-02 1.133212820372454799e-02
-1.285259159814304900e-02 1.133212820372454799e-02
-1.156116302671447715e-02 1.133212820372454799e-02
-1.026973445528590531e-02 1.133212820372454799e-02
-8.978305883857333469e-03 1.133212820372454799e-02
-7.686877312428761627e-03 1.133212820372454799e-02
-6.395448741000191520e-03 1.133212820372454799e-02
-5.104020169571619678e-03 1.133212820372454799e-02
-3.812591598143049570e-03 1.133212820372454799e-02
-2.521163026714477728e-03 1.133212820372454799e-02
-1.229734455285905886e-03 1.133212820372454799e-02
6.169411614266595567e-05 1.133212820372454799e-02
1.353122687571237798e-03 1.133212820372454799e-02
2.644551258999809640e-03 1.133212820372454799e-02
3.935979830428381482e-03 1.133212820372454799e-02
5.227408401856953324e-03 1.133212820372454799e-02
6.518836973285521696e-03 1.133212820372454799e-02
7.810265544714093539e-03 1.133212820372454799e-02
9.101694116142665381e-03 1.133212820372454799e-02
1.039312268757123722e-02 1.133212820372454799e-02
1.168455125899980906e-02 1.133212820372454799e-02
1.297597983042837744e-02 1.133212820372454799e-02
1.426740840185695275e-02 1.133212820372454799e-02
1.555883697328552112e-02 1.133212820372454799e-02
1.685026554471409643e-02 1.133212820372454799e-02
1.814169411614266481e-02 1.133212820372454799e-02
1.943312268757124012e-02 1.133212820372454799e-02
2.072455125899980849e-02 1.133212820372454799e-02
2.201597983042837686e-02 1.133212820372454799e-02
2.330740840185695217e-02 1.133212820372454799e-02
2.459883697328552055e-02 1.133212820372454799e-02
-2.060116302671447658e-02 1.253212820372454767e-02
-1.930973445528590474e-02 1.253212820372454767e-02
-1.801830588385733289e-02 1.253212820372454767e-02
-1.672687731242876105e-02 1.253212820372454767e-02
-1.543544874100019094e-02 1.253212820372454767e-02
-1.414402016957161910e-02 1.253212820372454767e-02
-1.285259159814304900e-02 1.253212820372454767e-02
-1.156116302671447715e-02 1.253212820372454767e-02
-1.026973445528590531e-02 1.253212820372454767e-02
-8.978305883857333469e-03 1.253212820372454767e-02
-7.686877312428761627e-03 1.253212820372454767e-02
-6.395448741000191520e-03 1.253212820372454767e-02
-5.104020169571619678e-03 1.253212820372454767e-02
-3.812591598143049570e-03 1.253212820372454767e-02
-2.521163026714477728e-03 1.253212820372454767e-02
-1.229734455285905886e-03 1.253212820372454767e-02
6.169411614266595567e-05 1.253212820372454767e-02
1.353122687571237798e-03 1.253212820372454767e-02
2.644551258999809640e-03 1.253212820372454767e-02
3.935979830428381482e-03 1.253212820372454767e-02
5.227408401856953324e-03 1.253212820372454767e-02
6.518836973285521696e-03 1.253212820372454767e-02
7.810265544714093539e-03 1.253212820372454767e-02
9.101694116142665381e-03 1.253212820372454767e-02
1.039312268757123722e-02 1.253212820372454767e-02
1.168455125899980906e-02 1.253212820372454767e-02
1.297597983042837744e-02 1.253212820372454767e-02
1.426740840185695275e-02 1.253212820372454767e-02
1.555883697328552112e-02 1.253212820372454767e-02
1.685026554471409643e-02 1.253212820372454767e-02
1.814169411614266481e-02 1.253212820372454767e-02
1.943312268757124012e-02 1.253212820372454767e-02
2.072455125899980849e-02 1.253212820372454767e-02
2.201597983042837686e-02 1.253212820372454767e-02
2.330740840185695217e-02 1.253212820372454767e-02
2.459883697328552055e-02 1.253212820372454767e-02
-2.060116302671447658e-02 1.373212820372454734e-02
-1.930973445528590474e-02 1.373212820372454734e-02
-1.801830588385733289e-02 1.373212820372454734e-02
-1.672687731242876105e-02 1.373212820372454734e-02
-1.543544874100019094e-02 1.373212820372454734e-02
-1.414402016957161910e-02 1.373212820372454734e-02
-1.285259159814304900e-02 1.373212820372454734e-02
-1.156116302671447715e-02 1.373212820372454734e-02
-1.026973445528590531e-02 1.373212820372454734e-02
-8.978305883857333469e-03 1.373212820372454734e-02
-7.686877312428761627e-03 1.373212820372454734e-02
-6.395448741000191520e-03 1.373212820372454734e-02
-5.104020169571619678e-03 1.373212820372454734e-02
-3.812591598143049570e-03 1.373212820372454734e-02
-2.521163026714477728e-03 1.373212820372454734e-02
-1.229734455285905886e-03 1.373212820372454734e-02
6.169411614266595567e-05 1.373212820372454734e-02
1.353122687571237798e-03 1.373212820372454734e-02
2.644551258999809640e-03 1.373212820372454734e-02
3.935979830428381482e-03 1.373212820372454734e-02
5.227408401856953324e-03 1.373212820372454734e-02
6.518836973285521696e-03 1.373212820372454734e-02
7.810265544714093539e-03 1.373212820372454734e-02
9.101694116142665381e-03 1.373212820372454734e-02
1.039312268757123722e-02 1.373212820372454734e-02
1.168455125899980906e-02 1.373212820372454734e-02
1.297597983042837744e-02 1.373212820372454734e-02
1.426740840185695275e-02 1.373212820372454734e-02
1.555883697328552112e-02 1.373212820372454734e-02
1.685026554471409643e-02 1.373212820372454734e-02
1.814169411614266481e-02 1.373212820372454734e-02
1.943312268757124012e-02 1.373212820372454734e-02
2.072455125899980849e-02 1.373212820372454734e-02
2.201597983042837686e-02 1.373212820372454734e-02
2.330740840185695217e-02 1.373212820372454734e-02
2.459883697328552055e-02 1.373212820372454734e-02
-2.060116302671447658e-02 1.493212820372454702e-02
-1.930973445528590474e-02 1.493212820372454702e-02
-1.801830588385733289e-02 1.493212820372454702e-02
-1.672687731242876105e-02 1.493212820372454702e-02
-1.543544874100019094e-02 1.493212820372454702e-02
-1.414402016957161910e-02 1.493212820372454702e-02
-1.285259159814304900e-02 1.493212820372454702e-02
-1.156116302671447715e-02 1.493212820372454702e-02
-1.026973445528590531e-02 1.493212820372454702e-02
-8.978305883857333469e-03 1.493212820372454702e-02
-7.686877312428761627e-03 1.493212820372454702e-02
-6.395448741000191520e-03 1.493212820372454702e-02
-5.104020169571619678e-03 1.493212820372454702e-02
-3.812591598143049570e-03 1.493212820372454702e-02
-2.521163026714477728e-03 1.493212820372454702e-02
-1.229734455285905886e-03 1.493212820372454702e-02
6.169411614266595567e-05 1.493212820372454702e-02
1.353122687571237798e-03 1.493212820372454702e-02
2.644551258999809640e-03 1.493212820372454702e-02
3.935979830428381482e-03 1.493212820372454702e-02
5.227408401856953324e-03 1.493212820372454702e-02
6.518836973285521696e-03 1.493212820372454702e-02
7.810265544714093539e-03 1.493212820372454702e-02
9.101694116142665381e-03 1.493212820372454702e-02
1.039312268757123722e-02 1.493212820372454702e-02
1.168455125899980906e-02 1.493212820372454702e-02
1.297597983042837744e-02 1.493212820372454702e-02
1.426740840185695275e-02 1.493212820372454702e-02
1.555883697328552112e-02 1.493212820372454702e-02
1.685026554471409643e-02 1.493212820372454702e-02
1.814169411614266481e-02 1.493212820372454702e-02
1.943312268757124012e-02 1.493212820372454702e-02
2.072455125899980849e-02 1.493212820372454702e-02
2.201597983042837686e-02 1.493212820372454702e-02
2.330740840185695217e-02 1.493212820372454702e-02
2.459883697328552055e-02 1.493212820372454702e-02
-2.060116302671447658e-02 1.613212820372454670e-02
-1.930973445528590474e-02 1.613212820372454670e-02
-1.801830588385733289e-02 1.613212820372454670e-02
-1.672687731242876105e-02 1.613212820372454670e-02
-1.543544874100019094e-02 1.613212820372454670e-02
-1.414402016957161910e-02 1.613212820372454670e-02
-1.285259159814304900e-02 1.613212820372454670e-02
-1.156116302671447715e-02 1.613212820372454670e-02
-1.026973445528590531e-02 1.613212820372454670e-02
-8.978305883857333469e-03 1.613212820372454670e-02
-7.686877312428761627e-03 1.613212820372454670e-02
-6.395448741000191520e-03 1.613212820372454670e-02
-5.104020169571619678e-03 1.613212820372454670e-02
-3.812591598143049570e-03 1.613212820372454670e-02
-2.521163026714477728e-03 1.613212820372454670e-02
-1.229734455285905886e-03 1.613212820372454670e-02
6.169411614266595567e-05 1.613212820372454670e-02
1.353122687571237798e-03 1.613212820372454670e-02
2.644551258999809640e-03 1.613212820372454670e-02
3.935979830428381482e-03 1.613212820372454670e-02
5.227408401856953324e-03 1.613212820372454670e-02
6.518836973285521696e-03 1.613212820372454670e-02
7.810265544714093539e-03 1.613212820372454670e-02
9.101694116142665381e-03 1.613212820372454670e-02
1.039312268757123722e-02 1.613212820372454670e-02
1.168455125899980906e-02 1.613212820372454670e-02
1.297597983042837744e-02 1.613212820372454670e-02
1.426740840185695275e-02 1.613212820372454670e-02
1.555883697328552112e-02 1.613212820372454670e-02
1.685026554471409643e-02 1.613212820372454670e-02
1.814169411614266481e-02 1.613212820372454670e-02
1.943312268757124012e-02 1.613212820372454670e-02
2.072455125899980849e-02 1.613212820372454670e-02
2.201597983042837686e-02 1.613212820372454670e-02
2.330740840185695217e-02 1.613212820372454670e-02
2.459883697328552055e-02 1.613212820372454670e-02
-2.060116302671447658e-02 1.733212820372454638e-02
-1.930973445528590474e-02 1.733212820372454638e-02
-1.801830588385733289e-02 1.733212820372454638e-02
-1.672687731242876105e-02 1.733212820372454638e-02
-1.543544874100019094e-02 1.733212820372454638e-02
-1.414402016957161910e-02 1.733212820372454638e-02
-1.285259159814304900e-02 1.733212820372454638e-02
-1.156116302671447715e-02 1.733212820372454638e-02
-1.026973445528590531e-02 1.733212820372454638e-02
-8.978305883857333469e-03 1.733212820372454638e-02
-7.686877312428761627e-03 1.733212820372454638e-02
-6.395448741000191520e-03 1.733212820372454638e-02
-5.104020169571619678e-03 1.733212820372454638e-02
-3.812591598143049570e-03 1.733212820372454638e-02
-2.521163026714477728e-03 1.733212820372454638e-02
-1.229734455285905886e-03 1.733212820372454638e-02
6.169411614266595567e-05 1.733212820372454638e-02
1.353122687571237798e-03 1.733212820372454638e-02
2.644551258999809640e-03 1.733212820372454638e-02
3.935979830428381482e-03 1.733212820372454638e-02
5.227408401856953324e-03 1.733212820372454638e-02
6.518836973285521696e-03 1.733212820372454638e-02
7.810265544714093539e-03 1.733212820372454638e-02
9.101694116142665381e-03 1.733212820372454638e-02
1.039312268757123722e-02 1.733212820372454638e-02
1.168455125899980906e-02 1.733212820372454638e-02
1.297597983042837744e-02 1.733212820372454638e-02
1.426740840185695275e-02 1.733212820372454638e-02
1.555883697328552112e-02 1.733212820372454638e-02
1.685026554471409643e-02 1.733212820372454638e-02
1.814169411614266481e-02 1.733212820372454638e-02
1.943312268757124012e-02 1.733212820372454638e-02
2.072455125899980849e-02 1.733212820372454638e-02
2.201597983042837686e-02 1.733212820372454638e-02
2.330740840185695217e-02 1.733212820372454638e-02
2.459883697328552055e-02 1.733212820372454638e-02
-2.060116302671447658e-02 1.853212820372454606e-02
-1.930973445528590474e-02 1.853212820372454606e-02
-1.801830588385733289e-02 1.853212820372454606e-02
-1.672687731242876105e-02 1.853212820372454606e-02
-1.543544874100019094e-02 1.853212820372454606e-02
-1.414402016957161910e-02 1.853212820372454606e-02
-1.285259159814304900e-02 1.853212820372454606e-02
-1.156116302671447715e-02 1.853212820372454606e-02
-1.026973445528590531e-02 1.853212820372454606e-02
-8.978305883857333469e-03 1.853212820372454606e-02
-7.686877312428761627e-03 1.853212820372454606e-02
-6.395448741000191520e-03 1.853212820372454606e-02
-5.104020169571619678e-03 1.853212820372454606e-02
-3.812591598143049570e-03 1.853212820372454606e-02
-2.521163026714477728e-03 1.853212820372454606e-02
-1.229734455285905886e-03 1.853212820372454606e-02
6.169411614266595567e-05 1.853212820372454606e-02
1.353122687571237798e-03 1.853212820372454606e-02
2.644551258999809640e-03 1.853212820372454606e-02
3.935979830428381482e-03 1.853212820372454606e-02
5.227408401856953324e-03 1.853212820372454606e-02
6.518836973285521696e-03 1.853212820372454606e-02
7.810265544714093539e-03 1.853212820372454606e-02
9.101694116142665381e-03 1.853212820372454606e-02
1.039312268757123722e-02 1.853212820372454606e-02
1.168455125899980906e-02 1.853212820372454606e-02
1.297597983042837744e-02 1.853212820372454606e-02
1.426740840185695275e-02 1.853212820372454606e-02
1.555883697328552112e-02 1.853212820372454606e-02
1.685026554471409643e-02 1.853212820372454606e-02
1.814169411614266481e-02 1.853212820372454606e-02
1.943312268757124012e-02 1.853212820372454606e-02
2.072455125899980849e-02 1.853212820372454606e-02
2.201597983042837686e-02 1.853212820372454606e-02
2.330740840185695217e-02 1.853212820372454606e-02
2.459883697328552055e-02 1.853212820372454606e-02
-2.060116302671447658e-02 1.973212820372454573e-02
-1.930973445528590474e-02 1.973212820372454573e-02
-1.801830588385733289e-02 1.973212820372454573e-02
-1.672687731242876105e-02 1.973212820372454573e-02
-1.543544874100019094e-02 1.973212820372454573e-02
-1.414402016957161910e-02 1.973212820372454573e-02
-1.285259159814304900e-02 1.973212820372454573e-02
-1.156116302671447715e-02 1.973212820372454573e-02
-1.026973445528590531e-02 1.973212820372454573e-02
-8.978305883857333469e-03 1.973212820372454573e-02
-7.686877312428761627e-03 1.973212820372454573e-02
-6.395448741000191520e-03 1.973212820372454573e-02
-5.104020169571619678e-03 1.973212820372454573e-02
-3.812591598143049570e-03 1.973212820372454573e-02
-2.521163026714477728e-03 1.973212820372454573e-02
-1.229734455285905886e-03 1.973212820372454573e-02
6.169411614266595567e-05 1.973212820372454573e-02
1.353122687571237798e-03 1.973212820372454573e-02
2.644551258999809640e-03 1.973212820372454573e-02
3.935979830428381482e-03 1.973212820372454573e-02
5.227408401856953324e-03 1.973212820372454573e-02
6.518836973285521696e-03 1.973212820372454573e-02
7.810265544714093539e-03 1.973212820372454573e-02
9.101694116142665381e-03 1.973212820372454573e-02
1.039312268757123722e-02 1.973212820372454573e-02
1.168455125899980906e-02 1.973212820372454573e-02
1.297597983042837744e-02 1.973212820372454573e-02
1.426740840185695275e-02 1.973212820372454573e-02
1.555883697328552112e-02 1.973212820372454573e-02
1.685026554471409643e-02 1.973212820372454573e-02
1.814169411614266481e-02 1.973212820372454573e-02
1.943312268757124012e-02 1.973212820372454573e-02
2.072455125899980849e-02 1.973212820372454573e-02
2.201597983042837686e-02 1.973212820372454573e-02
2.330740840185695217e-02 1.973212820372454573e-02
2.459883697328552055e-02 1.973212820372454573e-02
-2.060116302671447658e-02 2.093212820372454541e-02
-1.930973445528590474e-02 2.093212820372454541e-02
-1.801830588385733289e-02 2.093212820372454541e-02
-1.672687731242876105e-02 2.093212820372454541e-02
-1.543544874100019094e-02 2.093212820372454541e-02
-1.414402016957161910e-02 2.093212820372454541e-02
-1.285259159814304900e-02 2.093212820372454541e-02
-1.156116302671447715e-02 2.093212820372454541e-02
-1.026973445528590531e-02 2.093212820372454541e-02
-8.978305883857333469e-03 2.093212820372454541e-02
-7.686877312428761627e-03 2.093212820372454541e-02
-6.395448741000191520e-03 2.093212820372454541e-02
-5.104020169571619678e-03 2.093212820372454541e-02
-3.812591598143049570e-03 2.093212820372454541e-02
-2.521163026714477728e-03 2.093212820372454541e-02
-1.229734455285905886e-03 2.093212820372454541e-02
6.169411614266595567e-05 2.093212820372454541e-02
1.353122687571237798e-03 2.093212820372454541e-02
2.644551258999809640e-03 2.093212820372454541e-02
3.935979830428381482e-03 2.093212820372454541e-02
5.227408401856953324e-03 2.093212820372454541e-02
6.518836973285521696e-03 2.093212820372454541e-02
7.810265544714093539e-03 2.093212820372454541e-02
9.101694116142665381e-03 2.093212820372454541e-02
1.039312268757123722e-02 2.093212820372454541e-02
1.168455125899980906e-02 2.093212820372454541e-02
1.297597983042837744e-02 2.093212820372454541e-02
1.426740840185695275e-02 2.093212820372454541e-02
1.555883697328552112e-02 2.093212820372454541e-02
1.685026554471409643e-02 2.093212820372454541e-02
1.814169411614266481e-02 2.093212820372454541e-02
1.943312268757124012e-02 2.093212820372454541e-02
2.072455125899980849e-02 2.093212820372454541e-02
2.201597983042837686e-02 2.093212820372454541e-02
2.330740840185695217e-02 2.093212820372454541e-02
2.459883697328552055e-02 2.093212820372454541e-02
