-2.651522670703114759e-01 7.977341293308454553e-03 1.087007048654789754e-01 -8.871795486921732130e-03 3.604063271878132912e-01 3.001322400594724771e-01 3.163825486911079482e-02 -3.116433885770701906e-01
-3.739799983812878148e-01 -3.443922769027740194e-01 -3.790580701715666190e-01 4.921926833790107869e-01 5.644885342156369390e-01 2.795799739571535047e-01 1.484960195247037595e-01 3.097497495998869366e-01
4.705432523990928928e-01 -6.108871111995968217e-01 -3.558941651491027702e-01 6.266309567489739552e-01 -4.313520355030227293e-02 -4.320295021564581894e-01 -4.135930732306772328e-01 -1.695936626569746475e-01
2.282518852052713432e-01 1.304589488623069671e-01 -5.209216804262407907e-02 -3.266612390203182947e-02 9.275876294331675265e-02 -2.170121391075798684e-02 3.950103201543207071e-02 1.445005944338585147e-01
-1.800651453255887047e-01 -7.888449777302004862e-02 -2.715128611529854519e-01 -2.628690011301498819e-01 1.085718011825509699e-01 1.975844679828478445e-01 1.213357165036126339e-01 -1.637549354581840921e-01
1.007917859130074423e-01 -1.293372677690683148e-01 7.775325502935481747e-02 -1.361882067184394529e-01 -7.520310784861272690e-01 -6.583802712385358191e-01 -3.953496062605955652e-01 -2.380328388846014165e-01
-9.425182152147947717e-03 4.894191006737795210e-03 -2.129009387444704554e-02 9.845410320299614881e-02 3.848544510160083892e-02 -8.985574281481145675e-02 -1.401153161598590602e-01 5.998065157773806860e-02
-3.591506573849737038e-01 -4.401368141378927262e-02 1.727090833631858835e-01 1.507142777175610460e-01 3.874385237773433355e-01 2.461851858058708986e-01 1.847183384652694715e-01 2.458680551439091852e-02
2.346553841492801410e-24 -2.342138276624097068e-25 -3.005522495018094712e-24 1.399053982467545608e-24 4.610954946876219369e-25 2.225973894017505516e-24 1.150516965657268803e-24 -3.665621830034076359e-24
-1.981576918657597941e-01 -3.865387839403047754e-02 6.031405962697196088e-01 1.168874813633874118e-02 -6.970388360682709950e-01 -8.434380112755671677e-01 -1.142448082295635103e-01 -4.339795349874138730e-01
-2.000370568312305475e-01 6.078783794331794194e-02 1.126230031677859650e-01 1.782172547757723824e-01 4.485342765534168774e-01 2.601343358148002771e-01 -3.162853095434303707e-02 9.182378660713939877e-03
-5.870375173219062603e-02 5.484265913163272055e-02 2.413720368664908078e-01 -1.733151844290136412e-01 -1.965059013677869851e-02 1.839600257760672097e-01 -3.248937338950661641e-02 1.427622809912196533e-01
1.296596385862018586e-01 4.850580567977928054e-02 -5.407584086482002811e-02 2.426245649858817244e-01 -8.563991010525878744e-02 3.506260678183342194e-01 2.162191589453373308e-01 2.967853133794314258e-01
-3.253999826970362108e-02 2.377611773633838133e-01 -1.075796789077004545e-01 -2.705292972398206652e-01 1.241204138828640585e-01 -1.279152483204310797e-01 -2.474626658669280138e-02 2.581417069087306726e-01
2.965005770126833418e-01 1.308929721906210986e-01 -3.263695217917497900e-03 -1.200400727082715641e-01 -1.283438614594213101e-01 2.485914004334594668e-02 1.891452999770190935e-01 1.424181750950144765e-01
2.934969600420950231e-01 1.454306737454520992e-01 -4.760611679870538904e-01 2.863834224631914838e-01 -5.403912892617989544e-02 2.154651991161266739e-02 -1.354131685066928548e-01 4.022285035288921673e-01
-1.887189362582792837e-02 -1.140871123586801317e-01 -2.245628516080180326e-01 6.597825756687732135e-02 -9.774172251455279584e-03 -1.221872384875358070e-01 -1.321711018924668912e-01 1.500276284073803756e-01
-1.302606181396394891e-01 9.074352468550316020e-02 4.732425473821413875e-02 -3.120295911620522555e-01 -8.160294678596254070e-02 3.271044468507274816e-01 4.696576368483590391e-02 -1.162853446565412924e-01
1.656811310386946678e-01 3.071940991708924651e-01 2.663719194358035169e-01 2.653007675267621615e-02 -2.210288370043890505e-01 -1.401828640492785993e-01 1.931325239595356735e-01 -2.754356978792479871e-02
2.543011721666132985e-02 3.384828978978513536e-01 -2.338411825216125950e-01 -1.273027171525389911e-01 -4.316291436553649219e-01 7.544146337188815943e-02 -1.232364286469174036e-01 -2.106752208189452136e-01
-1.670848410986273402e-01 1.434213103264409817e-01 1.768503202775252581e-02 6.232104119159759259e-02 2.673293009472270110e-01 4.851299335476184221e-02 1.349107971731801359e-02 3.228939546002779215e-01
2.976835041760632437e-03 2.872955758588570108e-01 -2.916591861051554546e-01 2.767451216049367502e-01 -2.221578855944016939e-01 2.627159187262824158e-01 1.040209933420174898e-01 1.680513930308731585e-01
2.586648996491208709e-24 1.139852598206937196e-25 -2.051692805312794053e-24 5.141292020923772445e-26 -3.857887623454080173e-25 7.135750877667029882e-25 -1.059632265273079212e-25 -6.182487939259594819e-26
3.408080561666811947e-01 6.492695254758222567e-02 -3.194482346761828850e-01 4.500149487424724877e-03 4.287143513591119004e-01 3.624143517942749471e-01 1.101074485512985313e-01 2.992174438335135078e-01
3.226779919420227905e-01 -3.336345517892472246e-01 -2.898230914012689396e-01 2.900706104249035078e-01 -1.741765553064379343e-02 -1.123572346100632918e-01 3.665851225842971517e-01 5.089336790601153293e-01
1.206770893863411964e-01 -1.529536392983603943e-01 6.028264880415945548e-02 1.770464000749583933e-01 -1.838180222142097864e-01 -6.822071529780777688e-01 6.597811118843360800e-02 9.942247743832713369e-02
2.819162142958787087e-01 1.898385404827997724e-01 -4.992867016123446987e-03 -1.347758132448589607e-01 1.574344273646429426e-01 2.690071143259222808e-01 -1.142458257342247596e-01 -1.878349263209463382e-01
-8.041438754947302647e-02 2.746582216546879507e-01 2.605835414434042319e-01 3.632645203801037476e-02 1.679795892815639513e-01 1.051644299688824225e-01 4.904717239760418290e-01 8.469460138386258885e-02
2.041051386434287462e-01 -7.721978847590520167e-02 -1.003816269368818653e-01 -2.083427438275880228e-01 -1.192382688149305064e-01 2.622634256116261886e-01 2.581943628615874786e-01 1.904998196873541050e-01
4.619786071992471044e-01 2.764585016890444905e-02 2.420373715994633690e-01 -5.777898381045182968e-02 1.838992067037436839e-01 -7.098752174627891154e-02 -6.799316852599126410e-03 -2.349595420889484809e-01
3.392800742659305424e-01 -1.003767650080068519e-01 -1.091785278320171054e-01 -1.038885532459009470e-01 1.908610638654911207e-01 -1.184836526129613016e-02 -1.232137382692968103e-01 -6.167783984482444470e-02
1.736930671053623365e-01 8.535977467919272921e-02 -6.894031759019604577e-02 2.295265822596752603e-01 5.455609285458270508e-01 1.881767704708781630e-01 3.004924551321397908e-01 1.174706144014984605e-01
-1.757900326269347391e-01 -3.634981235276908001e-02 3.137887271345603524e-01 9.537797642023260192e-02 5.366349443847182599e-01 2.492831195441640169e-02 -3.424348784192787071e-02 -4.031707833916481354e-01
1.575191735775904704e-03 -1.160474193205560112e-01 1.497139756324026016e-01 -4.146872703240361835e-01 3.364095891654456105e-01 -1.022613337837293968e-01 -4.287019176545627495e-03 -4.315664573640259211e-02
-4.101001436190767069e-01 1.219796689900367187e-01 6.478225640800107099e-01 2.161578039973557908e-01 2.065526546106423167e-01 1.989376122831899574e-01 -9.142150597449244520e-02 -6.275226616012059555e-01
-9.588559721752457077e-02 2.071122967044906060e-01 1.153276927191737994e-01 -3.167254346093928419e-01 3.678028021507867562e-02 -1.900399007158209141e-01 -2.375752065399540092e-01 -5.621999022826045245e-01
-5.009044500719942549e-25 -1.672018328965064220e-24 1.640318382620033664e-24 -1.638343461431264400e-25 -9.093810931981213018e-25 1.226937153028195686e-25 -1.880825871869394744e-24 7.806857775750150204e-26
5.233321081079729542e-02 -6.806205023634062656e-02 -1.139841734522323291e-01 -1.409359768022040160e-01 -1.367689619973433135e-01 -4.925531182021023607e-02 -8.574187395114209187e-02 -8.681206822809199586e-02
-2.800397716760574252e-01 -1.073832430320518783e-01 -1.547530908806079297e-01 -3.899996872450071927e-02 -2.106389468193900147e-02 1.805382134602630806e-01 -1.835389826406142455e-01 1.519048266895657029e-01
-3.319722924323179059e-01 -2.298751598125444578e-02 5.178891984029883322e-02 8.811830625420742358e-01 1.177535779727689330e-01 2.863335067056287098e-02 -1.777315847197662446e-01 6.183063975692321135e-01
-1.049184268717426871e-01 -3.463117061473906105e-02 -1.395397906601834326e-01 -7.818393128733308606e-02 -7.531014960185115274e-06 3.840624710291866417e-02 1.041853826966159247e-01 1.739161343401796345e-01
-4.073436961855521066e-01 -5.321015835222316775e-02 -2.765287486022086072e-02 1.842992412896176102e-01 4.978726583752452611e-02 1.230527568015426371e-01 -1.128722624492863036e-01 1.970542528848797104e-01
7.126439617976087332e-05 -1.458243995673033991e-02 -1.752515212395612809e-01 -9.109760080862715215e-02 -5.996614739287502438e-01 -5.453669237854843425e-04 -4.995126686246816744e-02 -5.414043105337434242e-02
5.612054905819384709e-01 -9.775633325792908168e-02 -3.207570224200299580e-01 5.724769377548992733e-01 3.629727893876800171e-01 -4.033424665829432598e-01 -4.908124216871364021e-01 3.394114621702370993e-02
-1.296349472900908699e-25 -4.468957780169259898e-25 -2.900937378314988212e-26 -6.813528283658206944e-25 -4.829497846342468637e-25 -4.706585475465055664e-25 -2.174292424306784220e-25 2.236845875391195805e-25
-4.669172447031755269e-02 9.251447676492251249e-02 -4.836723765126784563e-02 -3.014191983853916623e-01 -2.339577170183185229e-01 -1.140791144391716527e-01 -8.261685761444495513e-02 -1.295737701269968067e-01
-1.844432735770471302e-02 -3.583588070813766707e-02 -4.831550627766237893e-01 4.141472959323709291e-01 -3.382535151992956957e-01 1.799765359475410942e-01 2.583536051728086425e-01 4.295311182594441224e-01
-3.040708023458783549e-01 7.003286793413977807e-02 1.414745739654570678e-01 9.186124307176563031e-02 6.995539489733229588e-02 -2.921404345456693474e-03 -4.252727778458620378e-02 1.775869888579538758e-01
1.855652627596921234e-01 -2.674768054194334374e-02 6.519243113686777613e-02 -2.013576645214787131e-01 2.601859359219996226e-01 -7.813746639217644674e-02 -5.284831387263694280e-02 -1.026840454275606968e-01
7.125535465150008296e-02 -1.298535575289522931e-02 -2.355450414222284572e-01 -4.089093706768227171e-02 2.731821591619099446e-02 1.341978128230207346e-01 -6.074998707147644811e-02 2.083879712163381331e-02
-1.102394615481254864e-01 -3.407206675265183060e-01 -3.664045393322380439e-01 4.868208376024909384e-02 -2.094583767169321264e-01 4.469929466726592637e-01 2.304220182589806765e-01 4.996110982550848734e-01
-3.667299551534747293e-02 7.288330386517509821e-03 1.344320867852171753e-01 -2.665913209594497624e-02 6.034411566001357530e-02 -6.954075470428926209e-02 -2.818176711522640474e-02 1.093800590442499943e-01
1.933887548296378267e-01 1.120449321274005622e-01 -7.761299701045960842e-02 -7.910986198387123802e-02 3.214546011375053469e-01 -1.281479004075515293e-01 -1.864875019609669171e-01 -9.107115187829535607e-02
-1.010138492271025923e+00 6.304083142417459262e-01 1.442221317650770884e-01 3.318348466527540341e-01 -1.557683412746956320e-01 -3.208755595030071683e-01 -6.350890326566279720e-01 -5.619140683596098862e-01
1.085749243018440113e-01 7.031427413687971195e-02 1.796413252827800400e-01 -1.472490361282058902e-01 -5.203971999811889404e-01 3.008866537240037498e-02 -2.329656384685253601e-01 -4.331360621271299616e-01
-3.500871766396077556e-01 -1.123580033857516369e-01 6.250976969734906019e-02 -3.717357883953226194e-02 -2.177052263016436839e-01 2.712652817717862708e-01 4.776510963474356330e-02 7.706529322983585346e-03
3.834293951935174860e-01 -1.018887851285924309e-02 -3.001545967622776812e-01 1.854512179856165899e-01 2.222703509321763415e-01 -1.166683829905950515e-02 -9.665032672490676824e-02 2.745315354829642174e-01
1.277221184223907013e-01 1.146961377193875392e-01 1.364628342625336110e-01 1.182349982869928678e-01 -2.532198333721171757e-01 3.332467497846716004e-02 -7.860367362176137740e-02 2.094535471799875148e-01
-1.078068956716725646e-01 3.562372095112135029e-03 -6.761333305789418713e-02 1.689277843326423278e-01 2.504367145863411331e-02 2.485293239278019428e-01 -7.874429364989851687e-02 2.824831593612344705e-01
-7.162521541410412572e-25 -1.743013870168388838e-25 1.280252913226781341e-24 -1.655414486813794742e-24 -7.741396239526672621e-25 -8.412993583150246879e-25 -5.265263924777691078e-25 -2.218047354343194763e-25
1.817550777222164404e-01 9.289797861200933815e-02 -1.505486007901326306e-01 -1.948097165718339630e-01 3.615101801258970016e-02 3.018218124702761740e-01 1.505945126825318503e-01 -6.199520796668568645e-02
4.091305186022439755e-02 3.046724633674104399e-01 -2.261266649756780434e-01 -3.888601198738123044e-02 -3.780887251192587006e-02 1.492516753211571012e-01 -1.191671675667296398e-01 1.989808076173136542e-01
7.010574841427570647e-02 -1.363687912506631444e-05 3.104730757350326539e-02 7.459454238869410447e-02 5.918505970739213959e-03 -6.795375826128423336e-02 5.721992486345432033e-02 5.165732302731027882e-03
-3.896818277235216677e-01 2.558316169116649497e-01 1.536882635405520114e-01 3.583176380936054506e-01 -6.315031698279397476e-01 -1.011411688252516761e-01 2.814306766186496223e-01 2.482742881872199991e-01
-1.443645065321681187e-01 4.698785270818645055e-02 1.707690987063226196e-01 -1.724395283009288460e-01 -2.591203094261875905e-03 2.370621641592584108e-02 -1.737500046174739743e-01 -1.418846999476842397e-01
1.123842356834560408e-01 -1.250463369899234845e-01 -1.526873350871877644e-01 -1.220249725404726621e-01 -1.430550060068548797e-02 2.996709648663507530e-01 6.304085582337594362e-02 -2.582871098711800664e-02
2.196092767072156948e-01 -8.277558313080031482e-03 -2.036295992429169310e-01 -7.875383153505108313e-02 -5.568506973826461426e-01 -1.021542932917485352e-01 6.840845082662871945e-02 -1.732542306776290245e-02
7.518378361881336014e-01 -2.399835878876121764e-01 -1.972681185094035949e-01 -4.458823895710863072e-02 -2.225392880469469759e-01 1.281425686406900515e-02 -7.447706253484315253e-02 3.163343539399687820e-01
1.679169648189645647e-01 -1.025791585372350267e+00 -6.250632800160988989e-01 4.377151510593221828e-01 3.050938896095912733e-01 1.354216370838381700e-01 -7.285223631731541083e-02 7.893118431420742542e-01
-1.465788536404662168e-01 6.931877611742683076e-02 -3.156867627684051270e-01 -7.453176120129108295e-02 -2.086449000458532044e-01 -2.333272679183962320e-02 1.373836466226319442e-01 -3.862844298744053106e-02
2.195933996899878671e-01 -2.080649836434859679e-01 5.438019858774630760e-02 -3.045312667878229407e-01 9.709718919547603855e-02 7.419760940675688976e-02 -1.343359157902413725e-01 -2.711529677721456477e-01
3.819948772360376998e-01 1.434453980732484923e-01 -1.090205989648235924e-01 -3.159015943751537492e-01 -1.550386226433968506e-01 -2.060231372645484824e-02 -1.498691122051480085e-01 -2.014110956678216435e-01
1.797768753309761658e-01 1.616087936634029998e-01 -2.721944936949549088e-01 -2.242937711862140471e-01 -1.421935831447695975e-01 1.831942141509193822e-01 -1.203996041986049870e-01 -1.540561750021282039e-01
1.241548464057724704e-01 -2.402735159540484167e-01 -2.529076671858498590e-02 -2.256893035835212946e-01 -1.030367189635533337e-01 -4.904753722320116804e-02 2.247241970492118712e-01 1.441769737360557302e-01
5.837529887050573602e-02 -1.126877896667225626e-01 4.354491242040465192e-03 -2.078690342974398586e-01 -1.187911753634298684e-01 2.576945810717312102e-01 -1.530859309090043807e-01 -1.304906254343940475e-01
-4.008323739450167511e-01 -3.678814053387392535e-01 -1.575840327430943211e-01 -1.041206144252858762e-01 -7.009171759807548974e-02 2.046448990897697384e-01 2.309801650576177867e-01 -1.231977631745761331e-01
-2.084194873317194441e-01 -7.145854124880514358e-02 -5.505445187372636634e-02 -1.676964058017074710e-01 5.181400043759704782e-02 3.941148251359961885e-02 1.680634693716446249e-01 7.857433270248553869e-02
-1.060730095912639503e-01 3.303664510499038642e-01 8.609238949864188306e-02 -2.676589002612179691e-01 1.304468002795981241e-01 9.466142669416466315e-02 2.678636791949466911e-01 1.361891988082641058e-01
3.496274086219579996e-02 -1.166098497188265970e-01 -2.147331408038841427e-01 1.365578436636148349e-02 -3.878451187570261527e-02 -1.177456216239414731e-02 -6.042631790544768927e-02 2.632431620528578042e-01
3.037779644017768454e-01 1.242888781068094278e-01 -1.896490425539116564e-01 -2.237167271214968722e-01 -7.784132145993830076e-02 3.004802683686113030e-01 -7.740843116453498263e-02 3.413007719831660097e-02
-2.714814723308348610e-01 -3.335235804146902128e-02 6.831553154389277682e-02 1.101577499656510722e-01 -1.493257622657303274e-01 -9.148033766508097131e-02 -1.259428877097713284e-01 2.397831994785682985e-01
-7.832593064295629848e-01 7.769880637867381257e-01 1.041273620052235893e+00 -5.359014033764738505e-01 -1.212873748777031774e-01 -9.090252012155268513e-02 -1.730928475381967313e-01 -1.037373096940398920e+00
5.835518252523251848e-01 -4.223745933712917955e-01 -5.302608992470534410e-01 1.555641854208608399e-01 -1.101293689860543684e-01 -1.490370165662220914e-01 -2.300766024322717929e-01 3.358708679027685995e-01
-1.342048580437506189e+00 1.484409877113852631e-02 2.131859859593823736e-01 -5.832817162234156527e-02 -9.002315676850817239e-01 3.431668159062166157e-01 5.878933004441702637e-02 2.245059809408723184e-01
1.537229359846927490e-01 -1.329281103763957084e-01 -2.333226741623048439e-01 -2.233386774519938722e-01 9.273488473929783482e-02 -1.309137879228151891e-01 1.061127076933049279e-01 7.365105142332424581e-02
-5.233321721603063241e-25 8.116417505043428761e-25 2.168019401049400600e-24 2.369559406692658961e-24 2.392462457841038956e-25 -1.309307940589012191e-27 -6.735177984584195213e-25 1.866084218229697322e-25
-5.702144099969472801e-01 3.522271467619402241e-01 4.030363772789792298e-01 -4.604886698044901028e-01 -3.792626658599287937e-01 -3.267284390073170453e-03 -1.575028732982218238e-01 -6.465848593996246230e-01
1.832777784922175468e-01 -2.599016001497564399e-01 1.059639599677258681e-01 1.519107175170785473e-01 3.548673643406843881e-01 1.960337823223467502e-01 4.699252256757309731e-01 1.920727695062976748e-01
7.021244728001216351e-02 7.908531876568515584e-03 3.075689914092195540e-02 9.930133759074238897e-02 -4.768316632507413333e-02 4.231905447851538882e-02 -7.048738912214136398e-02 1.289505450493456939e-01
1.982447105486839500e-01 -2.333412765430065150e-01 1.178797537955466185e-01 7.894302867617311592e-02 -6.365693502608167631e-02 9.484959766101938583e-02 2.551104146413024076e-01 -3.738531136958380685e-01
6.983113531432461052e-01 -5.516027972735439988e-01 -6.111261744693270437e-01 1.261143986881639645e+00 5.485171320259680794e-01 2.298213633396487543e-01 6.386597302678359567e-01 1.127299894265575420e+00
4.165113673015733986e-01 6.660373613280289040e-02 -1.225936526846462815e-01 -5.596199717231020720e-01 -7.217629237366145478e-01 -5.786815763124317780e-01 -8.401774940343605946e-01 -1.924833019827774383e-01
-1.241437631011425291e-01 2.093341361994864591e-01 -2.785569958653981160e-01 -1.620840379947772747e-01 -1.611450516149503728e-03 2.389831203138007010e-01 5.006854003203559111e-02 9.688997215184243228e-02
2.024500573533502823e-01 4.883957959994302336e-03 -4.400621871829379916e-01 1.778143243591741307e-01 3.029705285132995862e-01 -9.715408056214067112e-02 5.686756607377806416e-01 3.148456860260164802e-01
5.363432514489671066e-01 -2.952314890493747956e-01 8.553901876377270619e-02 6.364649409629339338e-01 -4.155893759082372046e-02 -6.296894241381788548e-01 -5.008743925136828201e-01 -1.125606636989662408e-02
-7.189453447612847992e-01 8.454530788851652989e-01 1.143889553877331267e+00 -4.807251080525685727e-01 -2.682932878724460513e-01 3.462427131630430033e-01 -1.591759551972342368e-01 -1.197262641171609188e+00
-8.552001521847041321e-02 9.806755843084007454e-03 -1.801964603028828882e-01 -1.829143581495165094e-01 -2.522271823043442662e-01 -1.249577322024016252e-01 3.705062727899221531e-01 2.412979929213446978e-02
-1.300070091297895851e-02 1.282200232313008836e-01 -1.755433059988457944e-01 1.498332512450289700e-01 7.910390457278655696e-02 -1.370559730538098986e-01 1.179460025276972239e-02 2.128982587021617245e-01
3.127968026713663918e-01 5.530849304707207564e-02 -2.554321378241007981e-03 -2.377690122278618146e-01 1.722371132132984872e-01 -3.394364304078601596e-02 2.976733040760543014e-01 8.856337095821767424e-02
-2.005641546621794377e-02 -2.405635845781455562e-01 6.059379345843524806e-02 -7.537974190777427808e-01 3.146652192470980602e-01 -1.480354398342326183e-01 1.554123947576845910e-01 -6.542897477317499710e-01
